7.775982874381075e-15
-1.739094200733428e-14
-5.812609493439247e-16
1.808611373273953e-07
6.629385602757732e-08
-3.341450906880099e-09
-1.142788964578418e-12
-1.492471664143714e-06
-4.623329169912767e-13
-4.721436555284959e-13
3.758720902097491e-16
1.466948963328619e-06
-1.480975538332501e-06
1.479434903754772e-06
1.517902887291169e-06
1.503825734044015e-06
-1.517158944771969e-06
1.517902887298583e-06
1.509197821985406e-06
-4.803392208263463e-07
4.850632532509138e-07
4.847667003233047e-07
-4.890004720392489e-07
-4.846139583530758e-07
-4.881331895229803e-07
4.889994090264486e-07
5.016516651146219e-07
-4.785878147965487e-07
4.928269751523476e-07
5.016192733991985e-07
-4.991190337836373e-07
-4.928986863524090e-07
4.845677410413134e-07
5.004628398757531e-07
4.919039109408065e-07
-4.881279296121724e-07
-4.920875709447691e-07
5.016504011470095e-07
4.987744533060623e-07
