	 5.244464131094398e-16
	 -1.077475550118294e-15
	 -3.193051459145659e-17
	 -5.892238675456946e-09
	 -8.299229213784165e-09
	 -2.329217743054969e-10
	 -5.968465962632438e-19
	 -2.714808834306127e-13
	 -4.560565048460599e-13
	 -4.554359878178669e-13
	 2.020355843701826e-15
	 3.417809903194417e-07
	 -1.43736865767942e-06
	 -1.430932892136987e-06
	 6.644578298338889e-07
	 -9.499942082537818e-07
	 -1.430047186976428e-06
	 1.428807506696989e-06
	 -1.182429808753255e-06
	 -1.141483005301468e-07
	 4.725267179898674e-07
	 1.119674116618331e-07
	 4.708451991300412e-07
	 -4.706542931468523e-07
	 -2.218447880314078e-07
	 4.676890860233015e-07
	 2.17726585004e-07
	 3.170023144867015e-07
	 -4.702562109663849e-07
	 -3.114135088570487e-07
	 4.675626158215297e-07
	 -4.632028266318164e-07
	 -4.614460318946525e-07
	 -4.594876780005627e-07
	 4.558254794366754e-07
	 4.699912071420187e-07
	 3.942424505533994e-07
	 -4.67385576689087e-07
	 -3.878335400468471e-07

