# Observation conducted on 2020.10.22 at Ys rev. 2 
# Base frequency: 8400.50 MHz dF: 0.2 Hz dT: 0.00025 s 
# Format: Modified JD   |       Time(UTC) [s]    | Signal-to-Noise ratio  |      Spectral max      |  Freq. detection [Hz]  |  Doppler noise [Hz] 
# 
5.914400000000000000e+04 1.416500000000000000e+04 6.966920845758329506e+02 3.926683222608885444e+02 3.502022861796768848e+06 -2.351543016402501962e-03
5.914400000000000000e+04 1.417522727272727207e+04 6.334539750150775035e+02 3.611702581222457979e+02 3.502017388785775285e+06 1.948654368788993452e-03
5.914400000000000000e+04 1.418545454545454595e+04 6.732385850545309722e+02 3.676311874715182739e+02 3.502011916549277492e+06 2.271902000757108908e-03
5.914400000000000000e+04 1.419568181818181802e+04 6.643993611375142336e+02 3.607491885150817552e+02 3.502006447738845367e+06 1.478280316973723529e-03
5.914400000000000000e+04 1.420590909090909008e+04 6.464442787135002391e+02 3.586193634900350276e+02 3.502000981845985632e+06 -7.661889967494062148e-04
5.914400000000000000e+04 1.421613636363636397e+04 6.716478520961705954e+02 3.838353472914611757e+02 3.501995523928383831e+06 7.388684753095731139e-04
5.914400000000000000e+04 1.422636363636363603e+04 6.822264174629287936e+02 3.688824964309506527e+02 3.501990062664506026e+06 -5.215041454107449681e-03
5.914400000000000000e+04 1.423659090909090992e+04 7.221169146221338906e+02 3.731144718317519278e+02 3.501984614173240960e+06 -2.423470303597241582e-03
5.914400000000000000e+04 1.424681818181818198e+04 7.962204962865948801e+02 4.111514136452786374e+02 3.501979172883132473e+06 3.602381467999293818e-03
5.914400000000000000e+04 1.425704545454545405e+04 7.147039862639944658e+02 4.046193152356755149e+02 3.501973727870135568e+06 1.975590444089903031e-03
5.914400000000000000e+04 1.426727272727272793e+04 7.785498064377212586e+02 3.650725096551162210e+02 3.501968284431244247e+06 -1.990687650049949298e-03
5.914400000000000000e+04 1.427750000000000000e+04 6.463307365163776694e+02 3.615913132407099511e+02 3.501962847911432385e+06 -2.954104122409262345e-03
5.914400000000000000e+04 1.428772727272727207e+04 7.331197507664734303e+02 3.444944287239554797e+02 3.501957423997611739e+06 4.753012128276168369e-03
5.914400000000000000e+04 1.429795454545454595e+04 6.287616510412494790e+02 3.554885635289016363e+02 3.501951988628948573e+06 -2.963853580922659603e-03
5.914400000000000000e+04 1.430818181818181802e+04 7.961775199094373647e+02 4.046645551285121769e+02 3.501946571296840440e+06 3.340744574416021351e-03
5.914400000000000000e+04 1.431840909090909008e+04 6.704251952564842441e+02 3.813495707321824852e+02 3.501941141365833115e+06 -7.024695514587619982e-03
5.914400000000000000e+04 1.432863636363636397e+04 7.027623667934279865e+02 3.669802553655277961e+02 3.501935735884616151e+06 2.924545931136890431e-03
5.914400000000000000e+04 1.433886363636363603e+04 6.308734988566340007e+02 3.608274518491003278e+02 3.501930319479365367e+06 -2.255078459938886226e-03
5.914400000000000000e+04 1.434909090909090992e+04 6.680185308592017464e+02 3.397258003921764384e+02 3.501924914455572143e+06 -3.313762241532458575e-04
5.914400000000000000e+04 1.435931818181818198e+04 6.441378482629708060e+02 3.482424968360581374e+02 3.501919511367798317e+06 -8.244917280535446480e-04
5.914400000000000000e+04 1.436954545454545405e+04 6.131009024395139022e+02 3.381295938065746327e+02 3.501914120219970588e+06 6.195564157565058849e-03
5.914400000000000000e+04 1.437977272727272793e+04 6.841689472248125412e+02 3.467627748527858103e+02 3.501908721471612807e+06 1.117317139687656891e-03
5.914400000000000000e+04 1.439000000000000000e+04 6.880966000693167643e+02 3.592708783187667336e+02 3.501903327867295127e+06 -3.380547070378270291e-03
5.914400000000000000e+04 1.440022727272727207e+04 7.213237366478371086e+02 3.915320530516898430e+02 3.501897944925465621e+06 -1.838179681044493918e-03
5.914400000000000000e+04 1.441045454545454595e+04 7.448299495423641474e+02 4.035111074150628951e+02 3.501892567470016889e+06 5.191710201870591845e-04
5.914400000000000000e+04 1.442068181818181802e+04 7.753533752919921653e+02 3.972023657940102339e+02 3.501887195152142085e+06 3.305188900640132488e-03
5.914400000000000000e+04 1.443090909090909008e+04 6.347394535819369139e+02 3.919289033812339653e+02 3.501881821979695465e+06 5.040217347413999960e-04
5.914400000000000000e+04 1.444113636363636397e+04 6.493809477874145841e+02 3.557536623282595656e+02 3.501876450258627068e+06 -5.586108690067703719e-03
5.914400000000000000e+04 1.445136363636363603e+04 7.337848645529087435e+02 3.604789706962410492e+02 3.501871090873432811e+06 -4.070286810360812524e-03
5.914400000000000000e+04 1.446159090909090992e+04 5.497568782021472771e+02 3.555369095089463372e+02 3.501865736739856191e+06 -2.002025563569986844e-03
5.914400000000000000e+04 1.447181818181818198e+04 6.847258747534283430e+02 3.938240399467755424e+02 3.501860393601611722e+06 6.415625511408507009e-03
5.914400000000000000e+04 1.448204545454545405e+04 7.125995307378958614e+02 3.824479674986291684e+02 3.501855041566839442e+06 1.368713055171610904e-03
5.914400000000000000e+04 1.449227272727272793e+04 7.488001955515468353e+02 3.851736933960854117e+02 3.501849698480174411e+06 8.066175721523904940e-04
5.914400000000000000e+04 1.450250000000000000e+04 7.695945710954123342e+02 4.199371752886327158e+02 3.501844360365909059e+06 8.873896565546601778e-04
5.914400000000000000e+04 1.451272727272727207e+04 7.773526754952624742e+02 4.284974459915879379e+02 3.501839029952236917e+06 4.504167178879470157e-03
5.914400000000000000e+04 1.452295454545454595e+04 7.297626879501609665e+02 3.814336270595592282e+02 3.501833691403944511e+06 -3.979958521426851803e-03
5.914400000000000000e+04 1.453318181818181802e+04 7.056662950414521447e+02 4.084923545908953884e+02 3.501828365524440072e+06 -3.527745708538532199e-03
5.914400000000000000e+04 1.454340909090909008e+04 7.457227226767587354e+02 3.786835681411751011e+02 3.501823050957220607e+06 4.775843206857643963e-03
5.914400000000000000e+04 1.455363636363636397e+04 6.576435490197666240e+02 3.584558510742889439e+02 3.501817717935780063e+06 -8.524283444330649218e-03
5.914400000000000000e+04 1.456386363636363603e+04 7.159086351875056380e+02 3.575140273811736620e+02 3.501812403281762730e+06 -6.253014812727997196e-03
5.914400000000000000e+04 1.457409090909090992e+04 6.832635464655102169e+02 3.912398833118941184e+02 3.501807101367424242e+06 6.359592912190237257e-03
5.914400000000000000e+04 1.458431818181818198e+04 7.535512585751763481e+02 3.911183183488097939e+02 3.501801779348582495e+06 -3.086559259372734232e-03
5.914400000000000000e+04 1.459454545454545405e+04 6.188477050153553591e+02 3.806410811322010090e+02 3.501796477900050581e+06 6.575993483579622989e-03
5.914400000000000000e+04 1.460477272727272793e+04 5.882516725697677202e+02 4.162582319906877046e+02 3.501791173481667880e+06 1.235048211651701422e-02
5.914400000000000000e+04 1.461500000000000000e+04 7.131486180435524602e+02 5.977482275978642292e+02 3.501785843758460600e+06 -7.501760969489623676e-03
