# Observation conducted on 2020.10.22 at Wz rev. 2 
# Base frequency: 8400.50 MHz dF: 0.2 Hz dT: 0.00025 s 
# Format: Modified JD   |       Time(UTC) [s]    | Signal-to-Noise ratio  |      Spectral max      |  Freq. detection [Hz]  |  Doppler noise [Hz] 
# 
5.914400000000000000e+04 1.416500000000000000e+04 3.760124153037103270e+02 2.350780766820085148e+02 3.502777434739080723e+06 4.701859986880663200e-03
5.914400000000000000e+04 1.417523809523809541e+04 4.205835937419487323e+02 2.380249811985707140e+02 3.502774037427758798e+06 1.197883209897554480e-03
5.914400000000000000e+04 1.418547619047619082e+04 4.570016064920827148e+02 2.422082289504268431e+02 3.502770626476923935e+06 -2.003799575641096453e-02
5.914400000000000000e+04 1.419571428571428623e+04 4.909996107811732600e+02 2.590936194165656730e+02 3.502767265102934558e+06 4.206513900612662837e-03
5.914400000000000000e+04 1.420595238095238165e+04 4.594351482946539136e+02 2.502562370470848521e+02 3.502763898547888733e+06 1.917344150399458158e-02
5.914400000000000000e+04 1.421619047619047706e+04 4.799148248448807408e+02 2.465823094393354609e+02 3.502760504219020251e+06 2.273580934343044646e-03
5.914400000000000000e+04 1.422642857142857065e+04 3.981176011427484127e+02 2.206797456565146263e+02 3.502757126959878951e+06 -1.642703672473544430e-03
5.914400000000000000e+04 1.423666666666666606e+04 4.919314253275068722e+02 2.528421706765488466e+02 3.502753741361746099e+06 -1.797443465386550088e-02
5.914400000000000000e+04 1.424690476190476147e+04 4.263738780586319876e+02 2.472704680219698332e+02 3.502750406946715433e+06 1.281268547609215602e-02
5.914400000000000000e+04 1.425714285714285688e+04 4.686576640895108312e+02 2.379077287998407826e+02 3.502747040217466187e+06 7.235676447294281388e-03
5.914400000000000000e+04 1.426738095238095229e+04 4.278306809625179881e+02 2.256670684535421003e+02 3.502743672176605090e+06 -3.686752236376378278e-03
5.914400000000000000e+04 1.427761904761904771e+04 3.298917335381763110e+02 1.962312381494780595e+02 3.502740359144217335e+06 3.638297732925366290e-02
5.914400000000000000e+04 1.428785714285714312e+04 4.182511708248497371e+02 2.261297862421465652e+02 3.502736945243302733e+06 -2.841362573667538527e-02
5.914400000000000000e+04 1.429809523809523853e+04 4.114520487940919793e+02 2.293802904759311048e+02 3.502733629369053058e+06 8.377828872880854760e-04
5.914400000000000000e+04 1.430833333333333394e+04 4.290071210961020256e+02 2.336943413002421437e+02 3.502730272431708872e+06 -1.493313257901718316e-02
5.914400000000000000e+04 1.431857142857142935e+04 4.422421000345893844e+02 2.570090158850837838e+02 3.502726950022776611e+06 -1.155443673042100272e-04
5.914400000000000000e+04 1.432880952380952294e+04 3.973786451571573934e+02 2.294364754402506037e+02 3.502723581640675664e+06 -3.519218618635022722e-02
5.914400000000000000e+04 1.433904761904761835e+04 4.031318927508187357e+02 2.255141760481924678e+02 3.502720307716517244e+06 2.028604957138213649e-02
5.914400000000000000e+04 1.434928571428571377e+04 4.009635558007396412e+02 2.345284985019428063e+02 3.502716980112947989e+06 1.819858724911682657e-02
5.914400000000000000e+04 1.435952380952380918e+04 4.366847488802303587e+02 2.428872634986684886e+02 3.502713656294048298e+06 1.602468962494185689e-02
5.914400000000000000e+04 1.436976190476190459e+04 4.223900675187553020e+02 2.206854027705819306e+02 3.502710346185932867e+06 2.370368678032264143e-02
5.914400000000000000e+04 1.438000000000000000e+04 3.571391247033192258e+02 1.941506278209406560e+02 3.502707011458198074e+06 2.916049963346267759e-03
5.914400000000000000e+04 1.439023809523809541e+04 4.805709446976957793e+02 2.837210607220787892e+02 3.502703701904357411e+06 3.463454796928999713e-03
5.914400000000000000e+04 1.440047619047619082e+04 3.885623453627101185e+02 2.132450288235500011e+02 3.502700367630414665e+06 -2.454301947727799416e-02
5.914400000000000000e+04 1.441071428571428623e+04 4.580784942917738363e+02 2.303255029264981886e+02 3.502697084283896256e+06 -5.454228891380807909e-03
5.914400000000000000e+04 1.442095238095238165e+04 4.069569715958564302e+02 2.334359164009131291e+02 3.502693781299652997e+06 -9.837538692750058544e-03
5.914400000000000000e+04 1.443119047619047706e+04 4.082466093341749911e+02 2.149791364724079870e+02 3.502690482133903075e+06 -1.424315128076614201e-02
5.914400000000000000e+04 1.444142857142857065e+04 4.518594839502271157e+02 2.542837421837119223e+02 3.502687203809122089e+06 -1.659588445590998163e-03
5.914400000000000000e+04 1.445166666666666606e+04 3.867997554603251729e+02 2.148409746343467930e+02 3.502683925954779610e+06 7.526668673904168827e-03
5.914400000000000000e+04 1.446190476190476147e+04 4.718251737610821692e+02 2.538354879809661782e+02 3.502680644902519882e+06 9.625990881090729090e-03
5.914400000000000000e+04 1.447214285714285688e+04 3.607317555494031467e+02 2.238205125867688707e+02 3.502677338877397124e+06 -1.716353756899025029e-02
5.914400000000000000e+04 1.448238095238095229e+04 4.465412705911646754e+02 2.512007477803839492e+02 3.502674089148429222e+06 8.394059786382968014e-03
5.914400000000000000e+04 1.449261904761904771e+04 4.737999697412205933e+02 2.737607649894874839e+02 3.502670795500717591e+06 -1.395559851073358004e-02
5.914400000000000000e+04 1.450285714285714312e+04 4.922953551036439990e+02 2.245403798811911429e+02 3.502667552127840463e+06 9.934765551179225440e-03
5.914400000000000000e+04 1.451309523809523853e+04 4.233669902292797360e+02 2.427757705301332578e+02 3.502664274143259507e+06 -4.874874065990297822e-03
5.914400000000000000e+04 1.452333333333333394e+04 4.156292482196318474e+02 2.371532344601152715e+02 3.502661032366126310e+06 1.237358293280976795e-02
5.914400000000000000e+04 1.453357142857142935e+04 5.365756164094333371e+02 2.501216172320132216e+02 3.502657777324443683e+06 1.213915373216423177e-02
5.914400000000000000e+04 1.454380952380952294e+04 4.562031980164649099e+02 2.552531300405310901e+02 3.502654503735664301e+06 -1.093800113108045480e-02
5.914400000000000000e+04 1.455404761904761835e+04 3.878892468825223432e+02 1.932494686396403551e+02 3.502651275896739680e+06 7.353094945074190036e-03
5.914400000000000000e+04 1.456428571428571377e+04 3.702982228305376111e+02 1.929809330000997534e+02 3.502647995734457858e+06 -3.115579833718129521e-02
5.914400000000000000e+04 1.457452380952380918e+04 4.856228183583446594e+02 2.869821868961285531e+02 3.502644791004115250e+06 1.186160566021499108e-03
5.914400000000000000e+04 1.458476190476190459e+04 3.719435595004403581e+02 2.316066694963531347e+02 3.502641562045467552e+06 4.604473510198658914e-03
5.914400000000000000e+04 1.459500000000000000e+04 4.526416068638868069e+02 2.926965663995910063e+02 3.502638332721836865e+06 2.838034376168252493e-03
