# Observation conducted on 2020.10.22 at Mc rev. 2 
# Base frequency: 8400.50 MHz dF: 0.2 Hz dT: 0.00025 s 
# Format: Modified JD   |       Time(UTC) [s]    | Signal-to-Noise ratio  |      Spectral max      |  Freq. detection [Hz]  |  Doppler noise [Hz] 
# 
5.914400000000000000e+04 1.416500000000000000e+04 6.973503935194199812e+02 3.784817120543137889e+02 3.502025559301711153e+06 -3.901507733075959550e-03
5.914400000000000000e+04 1.417527777777777737e+04 7.148507729142307880e+02 3.871256858940780035e+02 3.502021973820330109e+06 3.565469972500068252e-03
5.914400000000000000e+04 1.418555555555555475e+04 6.246047797342989725e+02 3.837456014966415410e+02 3.502018384454022627e+06 1.269987404839412193e-04
5.914400000000000000e+04 1.419583333333333394e+04 6.983217752821573185e+02 3.875826433518893168e+02 3.502014808625127655e+06 4.128008426505402895e-03
5.914400000000000000e+04 1.420611111111111131e+04 7.290979931895786876e+02 3.969595629313262179e+02 3.502011230829771142e+06 8.221587764865034842e-04
5.914400000000000000e+04 1.421638888888888869e+04 6.612346916109383983e+02 3.801638251218849405e+02 3.502007656788875349e+06 -3.464246119619929232e-03
5.914400000000000000e+04 1.422666666666666606e+04 5.927199855230143157e+02 3.546195819649059331e+02 3.502004093585478608e+06 -1.182027022423426388e-03
5.914400000000000000e+04 1.423694444444444525e+04 7.556457650938837105e+02 4.106195657470100286e+02 3.502000530433956534e+06 -2.777004517611203482e-03
5.914400000000000000e+04 1.424722222222222263e+04 6.729994241011941085e+02 3.597630555348980010e+02 3.501996975830758922e+06 4.736480777864926495e-04
5.914400000000000000e+04 1.425750000000000000e+04 6.876340042527613150e+02 3.894089788073453633e+02 3.501993420943186153e+06 -1.369140768474608194e-04
5.914400000000000000e+04 1.426777777777777737e+04 6.520171002377804825e+02 3.580915123294577711e+02 3.501989867338281590e+06 -3.003405083290999755e-03
5.914400000000000000e+04 1.427805555555555475e+04 7.144797464432061815e+02 3.778128122889811493e+02 3.501986322329739109e+06 -8.485963710427313345e-04
5.914400000000000000e+04 1.428833333333333394e+04 6.763121515980340064e+02 3.607983621481934620e+02 3.501982788389389403e+06 8.701080686932982644e-03
5.914400000000000000e+04 1.429861111111111131e+04 6.418185065224422488e+02 3.878956168168336944e+02 3.501979241620634682e+06 1.601872108494717395e-03
5.914400000000000000e+04 1.430888888888888869e+04 7.655448714379631383e+02 3.942193293998418540e+02 3.501975703787617851e+06 -5.652172046666237293e-04
5.914400000000000000e+04 1.431916666666666606e+04 6.992948225768137718e+02 3.685414275902823533e+02 3.501972171367581468e+06 -1.529160231598325481e-03
5.914400000000000000e+04 1.432944444444444525e+04 7.150306340875448541e+02 3.663646852597211137e+02 3.501968641941394191e+06 -3.925475092273700284e-03
5.914400000000000000e+04 1.433972222222222263e+04 7.477628999264999266e+02 3.630747202015137987e+02 3.501965119220918976e+06 -4.255944731539784698e-03
5.914400000000000000e+04 1.435000000000000000e+04 6.042479351658230371e+02 4.005448776972910991e+02 3.501961608166115824e+06 2.241387122921878472e-03
5.914400000000000000e+04 1.436027777777777737e+04 6.620850054172099135e+02 3.807292732727489692e+02 3.501958099283966701e+06 5.904053082304017153e-03
5.914400000000000000e+04 1.437055555555555475e+04 6.814400141608464310e+02 3.753770792213223899e+02 3.501954590633293148e+06 4.662884594608840416e-03
5.914400000000000000e+04 1.438083333333333394e+04 7.045151904718483138e+02 3.667675044298333091e+02 3.501951084197669290e+06 4.278323226571956184e-04
5.914400000000000000e+04 1.439111111111111131e+04 6.645733476215337987e+02 3.791077501772901428e+02 3.501947589906445239e+06 3.121897866321887705e-03
5.914400000000000000e+04 1.440138888888888869e+04 7.238417588377694756e+02 4.359322876145788541e+02 3.501944091260862537e+06 -3.679843877534949570e-03
5.914400000000000000e+04 1.441166666666666606e+04 7.225988513909627500e+02 4.167502273523694498e+02 3.501940603895960376e+06 -4.175431247062988405e-03
5.914400000000000000e+04 1.442194444444444525e+04 7.675109025234139608e+02 3.844075701117814674e+02 3.501937126510866452e+06 6.071821504747276776e-04
5.914400000000000000e+04 1.443222222222222263e+04 6.437059367158344685e+02 3.828906425930389901e+02 3.501933647906779777e+06 -1.389810950058745220e-04
5.914400000000000000e+04 1.444250000000000000e+04 6.907233339758520287e+02 4.068318181342437470e+02 3.501930169880406000e+06 -4.093583602980288561e-03
5.914400000000000000e+04 1.445277777777777737e+04 6.329407424650759140e+02 3.623636057490234634e+02 3.501926702262555249e+06 -7.574608672484828276e-04
5.914400000000000000e+04 1.446305555555555475e+04 6.865419829605295945e+02 3.727472232268885932e+02 3.501923233959264122e+06 -3.985989629882169538e-04
5.914400000000000000e+04 1.447333333333333394e+04 8.095420545613914101e+02 4.214258287469139077e+02 3.501919771875723265e+06 4.884704217829494155e-03
5.914400000000000000e+04 1.448361111111111131e+04 7.251165324503267584e+02 3.884006780322629311e+02 3.501916300563644152e+06 8.241111388542776695e-04
5.914400000000000000e+04 1.449388888888888869e+04 6.948654722034190172e+02 3.797183293351776001e+02 3.501912830691489391e+06 -5.356154596256601508e-04
5.914400000000000000e+04 1.450416666666666606e+04 5.553088268332796815e+02 3.536741499828156634e+02 3.501909362070898991e+06 2.202719813340081600e-03
5.914400000000000000e+04 1.451444444444444525e+04 6.684441369369837957e+02 3.693308373113113703e+02 3.501905878913412336e+06 -4.941627391076508502e-03
5.914400000000000000e+04 1.452472222222222263e+04 8.208118743374012638e+02 3.661211459811685813e+02 3.501902402055443265e+06 9.105438643928209785e-04
5.914400000000000000e+04 1.453500000000000000e+04 5.796764967136984978e+02 3.336747640869916154e+02 3.501898909762685187e+06 3.156914108330965973e-04
