# Observation conducted on 2020.10.22 at Wb rev. 2 
# Base frequency: 8400.50 MHz dF: 0.2 Hz dT: 0.00025 s 
# Format: Modified JD   |       Time(UTC) [s]    | Signal-to-Noise ratio  |      Spectral max      |  Freq. detection [Hz]  |  Doppler noise [Hz] 
# 
5.914400000000000000e+04 1.468600000000000000e+04 8.726304642402244838e+01 5.362120846881343539e+01 3.503387833389314823e+06 -1.159857469331200264e-01
5.914400000000000000e+04 1.469616666666666606e+04 8.905424525725591423e+01 5.186184059250682310e+01 3.503384037228018977e+06 -5.154841391038189613e-02
5.914400000000000000e+04 1.470633333333333394e+04 1.245002638504192873e+02 7.315769220104465376e+01 3.503380215023423545e+06 -2.957052368515178387e-03
5.914400000000000000e+04 1.471650000000000000e+04 1.053873974429679237e+02 6.213765200736575167e+01 3.503376420332373120e+06 8.188849688986010733e-02
5.914400000000000000e+04 1.472666666666666606e+04 9.191428953164455606e+01 5.663640959277012144e+01 3.503372564436609857e+06 1.129058513155314358e-01
5.914400000000000000e+04 1.473683333333333394e+04 1.072804608966742990e+02 6.491954866716015715e+01 3.503368624283269513e+06 6.576790008080024563e-02
5.914400000000000000e+04 1.474700000000000000e+04 9.533816493592566133e+01 5.880511346928300753e+01 3.503364716232929844e+06 5.564816696994512313e-02
5.914400000000000000e+04 1.475716666666666606e+04 9.838850037697760342e+01 6.689618570311044721e+01 3.503360779501875862e+06 2.066039058365731762e-02
5.914400000000000000e+04 1.476733333333333394e+04 1.505633161954597483e+02 8.174060689975682692e+01 3.503356833909654059e+06 -2.039660424270550720e-02
5.914400000000000000e+04 1.477750000000000000e+04 9.990033621922329132e+01 5.881344370665173216e+01 3.503352914996265899e+06 -3.292439912945610558e-02
5.914400000000000000e+04 1.478766666666666606e+04 1.246914735857371710e+02 6.862303429783013087e+01 3.503349006923250388e+06 -3.362658460332568211e-02
5.914400000000000000e+04 1.479783333333333394e+04 9.923431011000123192e+01 6.885014857519836085e+01 3.503345102365023922e+06 -3.062010176552121266e-02
5.914400000000000000e+04 1.480800000000000000e+04 9.951523852351400024e+01 6.056585694525211494e+01 3.503341191803204361e+06 -3.414360668409699429e-02
5.914400000000000000e+04 1.481816666666666606e+04 1.038127586473276693e+02 6.376987944336662650e+01 3.503337291689553764e+06 -2.839720851295624016e-02
5.914400000000000000e+04 1.482833333333333394e+04 1.084426241397413690e+02 7.066601242186868603e+01 3.503333393631622195e+06 -2.235951301361183141e-02
5.914400000000000000e+04 1.483850000000000000e+04 1.131673141735394665e+02 6.432910975679182286e+01 3.503329497079100460e+06 -1.710395292820976465e-02
5.914400000000000000e+04 1.484866666666666606e+04 1.101312193794751977e+02 6.764008445855785112e+01 3.503325592148769647e+06 -2.297652315803588863e-02
5.914400000000000000e+04 1.485883333333333394e+04 1.166627288608682278e+02 6.555306987628928539e+01 3.503321711503594648e+06 -7.719372929841483710e-03
5.914400000000000000e+04 1.486900000000000000e+04 1.035130903218614691e+02 5.628580989186637140e+01 3.503317815085395705e+06 -1.174081575345553574e-02
5.914400000000000000e+04 1.487916666666666606e+04 8.813675459817022784e+01 5.000949084310475712e+01 3.503313939228348900e+06 9.954825507065834245e-04
5.914400000000000000e+04 1.488933333333333394e+04 1.035150039473468979e+02 6.021419520166878669e+01 3.503310068851170130e+06 1.516000637445813481e-02
5.914400000000000000e+04 1.489950000000000000e+04 1.092802284799989820e+02 6.484527862869772719e+01 3.503306169397808611e+06 -4.004602615509611496e-03
5.914400000000000000e+04 1.490966666666666606e+04 1.455891157184459246e+02 8.911796776108903373e+01 3.503302311928327195e+06 1.440465177518035489e-02
5.914400000000000000e+04 1.491983333333333394e+04 9.138287348941091182e+01 5.364388619950989323e+01 3.503298448428548407e+06 2.225808044408950082e-02
5.914400000000000000e+04 1.493000000000000000e+04 1.073673569426162544e+02 6.448036565184216329e+01 3.503294571783221792e+06 1.236379316242164350e-02
5.914400000000000000e+04 1.494016666666666606e+04 1.070673319996585349e+02 6.339256479663401223e+01 3.503290723381596617e+06 2.607058555724961479e-02
5.914400000000000000e+04 1.495033333333333394e+04 1.244383330655925732e+02 7.234238296565827397e+01 3.503286856321644969e+06 1.646947897120298876e-02
5.914400000000000000e+04 1.496050000000000000e+04 1.198508502048662194e+02 7.205177867996826535e+01 3.503283002748251893e+06 1.572922362231565785e-02
5.914400000000000000e+04 1.497066666666666606e+04 8.778747251706363386e+01 5.130414318074483049e+01 3.503279160123816226e+06 2.136421783768582827e-02
5.914400000000000000e+04 1.498083333333333394e+04 9.642933752007311909e+01 6.142671308054338652e+01 3.503275314891352318e+06 1.989492370546486200e-02
5.914400000000000000e+04 1.499100000000000000e+04 1.190185506744000179e+02 6.483214134589943001e+01 3.503271464757436421e+06 9.128129138503027207e-03
5.914400000000000000e+04 1.500116666666666606e+04 1.304204989160102457e+02 8.010912324164731046e+01 3.503267624541323632e+06 4.003380967901648546e-03
5.914400000000000000e+04 1.501133333333333394e+04 1.138004974066624584e+02 6.409468940490744160e+01 3.503263796491751913e+06 6.907101807541948801e-03
5.914400000000000000e+04 1.502150000000000000e+04 1.200247390366703826e+02 6.445761524255851782e+01 3.503259959679877851e+06 -2.937154071105396724e-03
5.914400000000000000e+04 1.503166666666666606e+04 9.472085679111060585e+01 5.944714277451065954e+01 3.503256133566885255e+06 -5.903782026393855631e-03
5.914400000000000000e+04 1.504183333333333394e+04 1.137507163525165907e+02 6.597404163430331892e+01 3.503252317413293757e+06 -2.558498017947385961e-03
5.914400000000000000e+04 1.505200000000000000e+04 1.096633613959428288e+02 6.919584201166374271e+01 3.503248495593453757e+06 -8.346531604388474079e-03
5.914400000000000000e+04 1.506216666666666606e+04 1.252282463992534076e+02 6.937320625345297742e+01 3.503244685635394882e+06 -5.555461254175497743e-03
5.914400000000000000e+04 1.507233333333333394e+04 1.039237213201998316e+02 6.135527751867620339e+01 3.503240875654373318e+06 -5.884349739858407702e-03
5.914400000000000000e+04 1.508250000000000000e+04 1.030604793765454446e+02 6.017274127409905304e+01 3.503237047722426243e+06 -2.707687725717278227e-02
5.914400000000000000e+04 1.509266666666666606e+04 1.250348004290715522e+02 7.208112567710784901e+01 3.503233269792660140e+06 -9.997350853154785000e-04
5.914400000000000000e+04 1.510283333333333394e+04 1.124935645313591266e+02 6.617038735945909878e+01 3.503229456479403656e+06 -1.286515801848509000e-02
5.914400000000000000e+04 1.511300000000000000e+04 9.459675901174101398e+01 6.051236755464748285e+01 3.503225652401788626e+06 -1.789002948930829007e-02
5.914400000000000000e+04 1.512316666666666606e+04 9.018050716918544651e+01 5.327392393977519447e+01 3.503221854876705911e+06 -1.860560698651170242e-02
5.914400000000000000e+04 1.513333333333333394e+04 1.383453199014552411e+02 7.742026412876866459e+01 3.503218066816651728e+06 -1.196236350904200663e-02
5.914400000000000000e+04 1.514350000000000000e+04 1.027521340481275161e+02 6.086155036164192467e+01 3.503214283389125485e+06 -2.673272235938384256e-03
5.914400000000000000e+04 1.515366666666666606e+04 1.240018698345094492e+02 6.420105953289339595e+01 3.503210482890655752e+06 -1.234246620595058630e-02
5.914400000000000000e+04 1.516383333333333394e+04 9.385419990189153339e+01 5.438437403975569850e+01 3.503206711822839454e+06 5.608117774727361393e-03
5.914400000000000000e+04 1.517400000000000000e+04 1.258545822914413748e+02 7.098432215329846429e+01 3.503202918729000725e+06 -2.272889103096531471e-04
5.914400000000000000e+04 1.518416666666666606e+04 9.209812847733957142e+01 5.464438272302744792e+01 3.503199143169666640e+06 9.734506841937218269e-03
5.914400000000000000e+04 1.519433333333333394e+04 8.581189884613047525e+01 5.244313806606166395e+01 3.503195365696718451e+06 1.603712612302388152e-02
5.914400000000000000e+04 1.520450000000000000e+04 7.742970563076075052e+01 4.853983819401057076e+01 3.503191586694100406e+06 1.902264051136626222e-02
5.914400000000000000e+04 1.521466666666666606e+04 1.087118684634557013e+02 5.898949574751604530e+01 3.503187802801098675e+06 1.525216873790213867e-02
5.914400000000000000e+04 1.522483333333333394e+04 9.790172534268513971e+01 5.694494270831424387e+01 3.503184029799280223e+06 2.039012936995732161e-02
5.914400000000000000e+04 1.523500000000000000e+04 9.027530633549721983e+01 5.786881936909959023e+01 3.503180231960936915e+06 -1.449998039561251062e-03
5.914400000000000000e+04 1.524516666666666606e+04 1.068781255878070624e+02 5.803300454729182434e+01 3.503176472506567370e+06 1.274912303438213712e-02
5.914400000000000000e+04 1.525533333333333394e+04 1.087241914164684999e+02 6.023660225765855358e+01 3.503172692251590546e+06 3.552714568627379776e-03
5.914400000000000000e+04 1.526550000000000000e+04 1.026493376260491033e+02 6.675664438330190364e+01 3.503168934590796940e+06 1.405565402092179283e-02
5.914400000000000000e+04 1.527566666666666606e+04 7.617376518852529443e+01 5.074540647640437641e+01 3.503165166415750515e+06 1.079718739981672115e-02
5.914400000000000000e+04 1.528583333333333394e+04 1.113419311225513013e+02 6.546006328338305025e+01 3.503161369281937368e+06 -2.507460420679308299e-02
5.914400000000000000e+04 1.529600000000000000e+04 7.093707222469330986e+01 3.995789993021789144e+01 3.503157613821740262e+06 -2.339251474018055887e-02
