# Observation conducted on 2020.10.22 at O6 rev. 2 
# Base frequency: 8400.50 MHz dF: 0.2 Hz dT: 0.00025 s 
# Format: Modified JD   |       Time(UTC) [s]    | Signal-to-Noise ratio  |      Spectral max      |  Freq. detection [Hz]  |  Doppler noise [Hz] 
# 
5.914400000000000000e+04 1.467500000000000000e+04 1.255121463951185490e+02 6.482943192182300152e+01 3.504139486273028888e+06 -6.407311616487731953e-02
5.914400000000000000e+04 1.468516393442622939e+04 1.601314095923006278e+02 8.414052640967804564e+01 3.504136266447191592e+06 -4.010912560136148386e-02
5.914400000000000000e+04 1.469532786885245878e+04 1.345302756208599249e+02 8.088480580698481504e+01 3.504133015614798758e+06 -3.141180333716420137e-02
5.914400000000000000e+04 1.470549180327868817e+04 1.288996925927488633e+02 8.667781010579840029e+01 3.504129798312397208e+06 2.463600455178038828e-02
5.914400000000000000e+04 1.471565573770491756e+04 1.293029710997318205e+02 8.061284375383712586e+01 3.504126571852274239e+06 8.354787370001304225e-02
5.914400000000000000e+04 1.472581967213114694e+04 1.406492069045331448e+02 7.816116736527173714e+01 3.504123315939554945e+06 1.233472889316544752e-01
5.914400000000000000e+04 1.473598360655737633e+04 1.398543762798253454e+02 8.148074272153534992e+01 3.504119953562546987e+06 6.545438206057951902e-02
5.914400000000000000e+04 1.474614754098360572e+04 1.589180356482899867e+02 8.532511699650557091e+01 3.504116613637599628e+06 3.732718579908578249e-02
5.914400000000000000e+04 1.475631147540983693e+04 1.377643851507582156e+02 8.548084261092793668e+01 3.504113268837759737e+06 1.028668046546954429e-02
5.914400000000000000e+04 1.476647540983606632e+04 1.455011989109105457e+02 9.790250434496417142e+01 3.504109919059122913e+06 -1.702046224272635300e-02
5.914400000000000000e+04 1.477663934426229571e+04 1.957860066985716685e+02 1.073746132033396776e+02 3.504106580142662395e+06 -2.990365442451548006e-02
5.914400000000000000e+04 1.478680327868852510e+04 1.432932726058107278e+02 8.020331564969532678e+01 3.504103238495407626e+06 -4.301082377162401826e-02
5.914400000000000000e+04 1.479696721311475449e+04 1.272506082339547362e+02 7.597781575771122675e+01 3.504099905474255327e+06 -4.594820807130872709e-02
5.914400000000000000e+04 1.480713114754098387e+04 1.395819088216385353e+02 9.060741451687694337e+01 3.504096571343937889e+06 -4.932599403321091813e-02
5.914400000000000000e+04 1.481729508196721326e+04 1.296447301579735267e+02 8.384293878694076341e+01 3.504093257543679792e+06 -3.249526933166180243e-02
5.914400000000000000e+04 1.482745901639344265e+04 1.529842686652743566e+02 9.336470844869693053e+01 3.504089924995709676e+06 -3.524311406249580614e-02
5.914400000000000000e+04 1.483762295081967204e+04 1.587764089850797689e+02 9.577042240921181815e+01 3.504086608785584569e+06 -2.311588851705437264e-02
5.914400000000000000e+04 1.484778688524590143e+04 1.633335019650643005e+02 9.028066924993900955e+01 3.504083296226840932e+06 -9.358185754081205232e-03
5.914400000000000000e+04 1.485795081967213082e+04 1.091743669099897289e+02 6.317947047561907681e+01 3.504079968500332907e+06 -1.327710125758585491e-02
5.914400000000000000e+04 1.486811475409836021e+04 1.423935775136276902e+02 7.949151879118296904e+01 3.504076649417332374e+06 -1.148274158310869097e-02
5.914400000000000000e+04 1.487827868852458960e+04 1.200609742593473612e+02 7.280092701395231813e+01 3.504073335112390108e+06 -8.198967048997474194e-03
5.914400000000000000e+04 1.488844262295081899e+04 1.463653601864204177e+02 8.861564158596800667e+01 3.504070038766925689e+06 9.456587369982116797e-03
5.914400000000000000e+04 1.489860655737704838e+04 1.404567855910771357e+02 9.191558557213414815e+01 3.504066729177458212e+06 1.003713841555509134e-02
5.914400000000000000e+04 1.490877049180327958e+04 1.526292463784247389e+02 1.005647634005009792e+02 3.504063426820507739e+06 1.382804770651091530e-02
5.914400000000000000e+04 1.491893442622950897e+04 1.120830044419285940e+02 7.491498776138732296e+01 3.504060134270424955e+06 2.326104334349565761e-02
5.914400000000000000e+04 1.492909836065573836e+04 1.483413696049863404e+02 7.910422474103032187e+01 3.504056841985614505e+06 2.869683835149317019e-02
5.914400000000000000e+04 1.493926229508196775e+04 1.497597886187586198e+02 8.111002408465253666e+01 3.504053537131766323e+06 1.724475357036681089e-02
5.914400000000000000e+04 1.494942622950819714e+04 1.595011198407870268e+02 9.066053045197084259e+01 3.504050252139097080e+06 2.131635185810409894e-02
5.914400000000000000e+04 1.495959016393442653e+04 1.437303087178634087e+02 7.686405498525685687e+01 3.504046963796016760e+06 1.771549829936702736e-02
5.914400000000000000e+04 1.496975409836065592e+04 1.471982215542196286e+02 8.597153656998330007e+01 3.504043687941540964e+06 2.232716284720481781e-02
5.914400000000000000e+04 1.497991803278688531e+04 1.406424965557520181e+02 8.347952504820599984e+01 3.504040413026413880e+06 2.367494207669551542e-02
5.914400000000000000e+04 1.499008196721311469e+04 1.470241064391954922e+02 8.520276028740634899e+01 3.504037141345208511e+06 2.414954515859335515e-02
5.914400000000000000e+04 1.500024590163934408e+04 1.206523035219958047e+02 7.460576845473320873e+01 3.504033866535396315e+06 1.750426119906478561e-02
5.914400000000000000e+04 1.501040983606557347e+04 1.381712930908693124e+02 7.641450272772300423e+01 3.504030599487562198e+06 1.476156411547435710e-02
5.914400000000000000e+04 1.502057377049180286e+04 1.235454649591014373e+02 8.836324792093606106e+01 3.504027321893346962e+06 -2.242547430569175049e-03
5.914400000000000000e+04 1.503073770491803225e+04 1.425667929595451255e+02 8.305313966191209829e+01 3.504024061577396002e+06 -5.530215254225367971e-03
5.914400000000000000e+04 1.504090163934426164e+04 1.695327233327776923e+02 1.003613852551891910e+02 3.504020799253319856e+06 -1.422936270773789147e-02
5.914400000000000000e+04 1.505106557377049103e+04 1.442359489005523585e+02 8.850366395219589322e+01 3.504017563297935762e+06 1.969390333442788688e-04
5.914400000000000000e+04 1.506122950819672042e+04 1.280023149787747059e+02 7.263045032291230996e+01 3.504014307610410731e+06 -8.193997199327895942e-03
5.914400000000000000e+04 1.507139344262295162e+04 1.188377127878856925e+02 7.045258564180798544e+01 3.504011060750567354e+06 -1.068976974704582972e-02
5.914400000000000000e+04 1.508155737704918101e+04 1.792192508832895612e+02 9.496278909512957966e+01 3.504007824532574508e+06 -5.332809705009822210e-03
5.914400000000000000e+04 1.509172131147541040e+04 1.647045239061341988e+02 9.931468738024805987e+01 3.504004574344366789e+06 -1.660456538820653805e-02
5.914400000000000000e+04 1.510188524590163979e+04 1.833568226358735274e+02 1.010859110926811582e+02 3.504001346562413033e+06 -8.014342682258757122e-03
5.914400000000000000e+04 1.511204918032786918e+04 1.567094416671896795e+02 8.530447806009033229e+01 3.503998099856439047e+06 -2.079818876609351719e-02
5.914400000000000000e+04 1.512221311475409857e+04 1.424637676799767405e+02 8.884080481400829399e+01 3.503994870285186451e+06 -1.882674040734855225e-02
5.914400000000000000e+04 1.513237704918032796e+04 1.447562122130282489e+02 8.354088849206264911e+01 3.503991644995520357e+06 -1.490972293106551660e-02
5.914400000000000000e+04 1.514254098360655735e+04 1.491219000382301658e+02 8.477275185391488321e+01 3.503988413589742966e+06 -1.943224567617107823e-02
5.914400000000000000e+04 1.515270491803278674e+04 1.600860085232918095e+02 8.823844980299631402e+01 3.503985192330493592e+06 -1.615350575298180047e-02
5.914400000000000000e+04 1.516286885245901613e+04 1.344857078071354692e+02 7.074617744386981144e+01 3.503981978205446620e+06 -8.145701042394648539e-03
5.914400000000000000e+04 1.517303278688524551e+04 1.306133258831291073e+02 7.017500537640597713e+01 3.503978761718842201e+06 -5.006103363143665774e-03
5.914400000000000000e+04 1.518319672131147490e+04 1.464207857242871285e+02 7.755621975384363509e+01 3.503975551306838170e+06 1.554685041242009902e-03
5.914400000000000000e+04 1.519336065573770429e+04 1.530783487824692202e+02 9.023527677399376046e+01 3.503972354016328696e+06 1.838794193690773682e-02
5.914400000000000000e+04 1.520352459016393368e+04 1.239206777369287948e+02 8.319285006985415976e+01 3.503969132491511758e+06 7.889787146496018977e-03
5.914400000000000000e+04 1.521368852459016489e+04 1.632851087174115605e+02 8.389701350272260072e+01 3.503965938180834986e+06 2.120452085841861845e-02
5.914400000000000000e+04 1.522385245901639428e+04 1.224451246011550580e+02 8.566153719426243640e+01 3.503962734705190640e+06 2.158921104967248539e-02
5.914400000000000000e+04 1.523401639344262367e+04 1.496893480438080530e+02 8.592110401515745366e+01 3.503959544123634230e+06 3.067580453330265300e-02
5.914400000000000000e+04 1.524418032786885306e+04 1.644496311544226046e+02 8.353474651366438763e+01 3.503956332950296812e+06 1.448443366837182111e-02
5.914400000000000000e+04 1.525434426229508244e+04 1.307930123228319985e+02 7.327689217091705132e+01 3.503953133742241655e+06 5.007665113907933119e-03
5.914400000000000000e+04 1.526450819672131183e+04 1.633054661390508215e+02 9.346669098864018110e+01 3.503949948651466053e+06 3.758892944915714907e-03
5.914400000000000000e+04 1.527467213114754122e+04 1.436439392451491699e+02 8.016206303335974326e+01 3.503946770889742766e+06 3.233576937759607972e-03
5.914400000000000000e+04 1.528483606557377061e+04 1.739380824480862202e+02 9.623513941633798652e+01 3.503943575848056003e+06 -2.197493294715968659e-02
5.914400000000000000e+04 1.529500000000000000e+04 1.051415495407678264e+02 7.130298885904529982e+01 3.503940406237619929e+06 -3.003798261534029734e-02
