# Observation conducted on 2020.10.22 at Wz rev. 2 
# Base frequency: 8400.50 MHz dF: 0.2 Hz dT: 0.00025 s 
# Format: Modified JD   |       Time(UTC) [s]    | Signal-to-Noise ratio  |      Spectral max      |  Freq. detection [Hz]  |  Doppler noise [Hz] 
# 
5.914400000000000000e+04 1.466500000000000000e+04 3.083021671904108416e+02 1.782673568233893491e+02 3.502638333465647418e+06 -7.292398600926617291e-01
5.914400000000000000e+04 1.467516129032258141e+04 4.103530353662187053e+02 2.496626141508974115e+02 3.502635113070847932e+06 -2.845019977910396847e-01
5.914400000000000000e+04 1.468532258064516100e+04 3.720389080019600669e+02 2.109920823717716019e+02 3.502631928062292747e+06 5.813163839093249408e-02
5.914400000000000000e+04 1.469548387096774240e+04 3.599636728376352153e+02 2.195007945385744961e+02 3.502628717693544459e+06 2.617718019101857863e-01
5.914400000000000000e+04 1.470564516129032199e+04 4.310686862830645509e+02 2.387845798458047284e+02 3.502625497132644057e+06 3.641091549924340143e-01
5.914400000000000000e+04 1.471580645161290340e+04 5.388053600589889811e+02 2.608044252365665443e+02 3.502622302959621884e+06 4.228163739954879929e-01
5.914400000000000000e+04 1.472596774193548299e+04 3.920552598326651719e+02 2.056573510550761341e+02 3.502619081545311958e+06 4.038315602566626694e-01
5.914400000000000000e+04 1.473612903225806440e+04 3.395331917454569748e+02 1.954701829395984589e+02 3.502615755268891342e+06 2.474803731928432171e-01
5.914400000000000000e+04 1.474629032258064581e+04 4.168763333590646312e+02 2.223173499240495801e+02 3.502612413761164062e+06 5.962390862634947553e-02
5.914400000000000000e+04 1.475645161290322540e+04 4.374924302587266425e+02 2.672978356660315171e+02 3.502609112684133463e+06 -8.965713222232807311e-02
5.914400000000000000e+04 1.476661290322580680e+04 4.446156615623020230e+02 2.232671478838443022e+02 3.502605818177553825e+06 -2.217112990949772211e-01
5.914400000000000000e+04 1.477677419354838639e+04 3.573792523706256929e+02 2.064097560956355437e+02 3.502602501008581836e+06 -3.552621448141053406e-01
5.914400000000000000e+04 1.478693548387096780e+04 3.769748396475872596e+02 2.484375419275552304e+02 3.502599206427737139e+06 -4.366476683348992083e-01
5.914400000000000000e+04 1.479709677419354921e+04 4.254519890042046768e+02 2.331226212332969112e+02 3.502595886028202251e+06 -5.080564240454350511e-01
5.914400000000000000e+04 1.480725806451612880e+04 4.159945270214108177e+02 2.125626074024825130e+02 3.502592633936630096e+06 -4.714321164659622809e-01
5.914400000000000000e+04 1.481741935483871021e+04 3.988626479997529373e+02 2.382049451446258104e+02 3.502589356575636193e+06 -4.188065129267215525e-01
5.914400000000000000e+04 1.482758064516128979e+04 4.074920824805337816e+02 2.141278338747446242e+02 3.502586078766135033e+06 -3.262925152150728536e-01
5.914400000000000000e+04 1.483774193548387120e+04 4.903939936511060296e+02 2.582088592402392919e+02 3.502582772636390757e+06 -2.252705104054939511e-01
5.914400000000000000e+04 1.484790322580645079e+04 6.203453860463733918e+02 2.757979703035719012e+02 3.502579494416191708e+06 -6.568960538959345286e-02
5.914400000000000000e+04 1.485806451612903220e+04 4.303863336535823692e+02 2.490689430032103076e+02 3.502576239114496857e+06 1.385146181312393310e-01
5.914400000000000000e+04 1.486822580645161361e+04 3.933775671410080008e+02 2.111579908570811313e+02 3.502572962241782341e+06 3.310470411920505285e-01
5.914400000000000000e+04 1.487838709677419320e+04 4.106452458871571594e+02 2.404296505488687217e+02 3.502569681371397339e+06 5.147189618005540979e-01
5.914400000000000000e+04 1.488854838709677460e+04 3.181750707818139290e+02 2.170103444076599146e+02 3.502566393331165425e+06 6.685442884752319515e-01
5.914400000000000000e+04 1.489870967741935419e+04 3.975077902199485607e+02 2.174518725755779656e+02 3.502563139409990981e+06 8.128507425637963024e-01
5.914400000000000000e+04 1.490887096774193560e+04 3.181222338564543293e+02 1.979001425059150563e+02 3.502559914876963012e+06 9.187035572675767980e-01
5.914400000000000000e+04 1.491903225806451519e+04 3.525735901417081664e+02 1.970079195941995351e+02 3.502556650165563449e+06 8.889942792625333823e-01
5.914400000000000000e+04 1.492919354838709660e+04 3.797177394580708665e+02 2.358982760719129033e+02 3.502553412799817510e+06 7.602715159864601446e-01
5.914400000000000000e+04 1.493935483870967801e+04 4.319390985185991667e+02 2.413073829056146451e+02 3.502550161125342827e+06 4.563765771569023855e-01
5.914400000000000000e+04 1.494951612903225760e+04 3.527975076495021085e+02 1.890603127156682319e+02 3.502546944944215473e+06 -1.101706322606332833e-02
5.914400000000000000e+04 1.495967741935483900e+04 3.170307465022489737e+02 1.889437510598250753e+02 3.502543702771753538e+06 -7.452423878953595704e-01
5.914400000000000000e+04 1.496983870967741859e+04 4.339586004968661541e+02 2.424467319595523520e+02 3.502540486605902668e+06 -1.739964855573362001e+00
5.914400000000000000e+04 1.498000000000000000e+04 1.817020201835279920e+02 1.077784142253107262e+02 3.502537295455780812e+06 -3.045749265148629092e+00
5.914400000000000000e+04 1.499016129032258141e+04 8.723420925878915000e+01 5.528623063171317398e+01 3.502534153545466717e+06 -4.691951368326044758e+00
5.914400000000000000e+04 1.500032258064516100e+04 1.746909187537716335e+01 1.144024986251188025e+01 3.502530961466189940e+06 -6.835661084640491936e+00
5.914400000000000000e+04 1.501048387096774240e+04 8.449354232028923661e+00 5.771952996992917306e+00 3.503164985232191160e+06 6.277272579491678925e+02
5.914400000000000000e+04 1.502064516129032199e+04 6.901318504730387993e+00 4.726937293708304288e+00 3.501652409529565834e+06 -8.848846781775694126e+02
5.914400000000000000e+04 1.503080645161290340e+04 7.046091045734697467e+00 6.002189675797924728e+00 3.502485636152583640e+06 -5.234023273741729554e+01
5.914400000000000000e+04 1.504096774193548299e+04 1.041840799190370781e+01 6.905926817165239484e+00 3.502518768950597383e+06 -2.061059686149576464e+01
5.914400000000000000e+04 1.505112903225806440e+04 6.896745929967518229e+00 4.998279708040740843e+00 3.503411761752412654e+06 8.701784394266812797e+02
5.914400000000000000e+04 1.506129032258064581e+04 8.023723559335127931e+00 5.149385597302796214e+00 3.503254096365543082e+06 7.094243910591133044e+02
5.914400000000000000e+04 1.507145161290322540e+04 6.351738263704934440e+00 4.588993405898356137e+00 3.502097379813801963e+06 -4.513547798878317963e+02
5.914400000000000000e+04 1.508161290322580680e+04 6.515218779682490080e+00 5.098694002383910906e+00 3.502262823383516166e+06 -2.910417133883589713e+02
5.914400000000000000e+04 1.509177419354838639e+04 7.850125766133416505e+00 5.759928305186922337e+00 3.503015157095481176e+06 4.549947250872298810e+02
5.914400000000000000e+04 1.510193548387096780e+04 6.872571107056596240e+00 5.392195908571476792e+00 3.502568385666802060e+06 6.553110046479559969e-01
5.914400000000000000e+04 1.511209677419354921e+04 7.445013949241433338e+00 5.310771004871956080e+00 3.501995281209790148e+06 -5.813969357412947829e+02
5.914400000000000000e+04 1.512225806451612880e+04 9.580713789364020627e+00 5.607479565064944715e+00 3.503503000227129553e+06 9.158801489346851668e+02
5.914400000000000000e+04 1.513241935483871021e+04 8.067156926735753686e+00 5.125298298512013240e+00 3.503066796662542969e+06 4.676208285677396361e+02
5.914400000000000000e+04 1.514258064516128979e+04 6.170736816830631355e+00 5.012757175083424777e+00 3.502455805386930238e+06 -1.571651431228012825e+02
5.914400000000000000e+04 1.515274193548387120e+04 5.779720651446645263e+00 4.851121948566253117e+00 3.502620959202649072e+06 -7.675613356361054684e+00
5.914400000000000000e+04 1.516290322580645079e+04 7.972563106835588442e+00 5.063054509748935672e+00 3.501903935686714482e+06 -7.423692825019836619e+02
5.914400000000000000e+04 1.517306451612903220e+04 6.664417953899596014e+00 4.787718949174307959e+00 3.503295122923888732e+06 6.289999336138560011e+02
5.914400000000000000e+04 1.518322580645161361e+04 7.906028649693066512e+00 5.089386592720000380e+00 3.502327690867556725e+06 -3.605458308298034353e+02
5.914400000000000000e+04 1.519338709677419320e+04 8.358301747965890982e+00 5.101096537372047379e+00 3.502349116241345648e+06 -3.636835854300169331e+02
5.914400000000000000e+04 1.520354838709677460e+04 8.031399220755705670e+00 5.379455104565390222e+00 3.503499170482211281e+06 7.591983641214405907e+02
5.914400000000000000e+04 1.521370967741935419e+04 6.035954697022823723e+00 4.548644828419678987e+00 3.501763385625096504e+06 -1.006533794710296092e+03
5.914400000000000000e+04 1.522387096774193560e+04 6.714460557581590550e+00 5.060607301902687816e+00 3.502819745260490570e+06 1.693148085146299309e+01
5.914400000000000000e+04 1.523403225806451519e+04 7.790622428674468303e+00 5.081761398419195608e+00 3.502678262166034430e+06 -1.605713749056576489e+02
5.914400000000000000e+04 1.524419354838709660e+04 6.412830259784507270e+00 5.029099911725942285e+00 3.503456720102936029e+06 5.785566648294943661e+02
5.914400000000000000e+04 1.525435483870967801e+04 8.756050776636056909e+00 5.873646074940064743e+00 3.503094431310856249e+06 1.734366188695109940e+02
5.914400000000000000e+04 1.526451612903225760e+04 7.191976896051417434e+00 5.027169608258219569e+00 3.502622079879789148e+06 -3.454452254949740109e+02
5.914400000000000000e+04 1.527467741935483900e+04 6.171607228578945836e+00 4.676619234165736216e+00 3.502322269985550083e+06 -6.956891724139444477e+02
5.914400000000000000e+04 1.528483870967741859e+04 6.202541287985532392e+00 4.784526373731614157e+00 3.503731267740479205e+06 6.587596378219723192e+02
5.914400000000000000e+04 1.529500000000000000e+04 7.321671861671600112e+00 5.819029242147302661e+00 3.503088839907411952e+06 -4.255015265203860508e+01
