# Observation conducted on 2020.10.22 at O6 rev. 2 
# Base frequency: 8400.50 MHz dF: 0.2 Hz dT: 0.00025 s 
# Format: Modified JD   |       Time(UTC) [s]    | Signal-to-Noise ratio  |      Spectral max      |  Freq. detection [Hz]  |  Doppler noise [Hz] 
# 
5.914400000000000000e+04 1.416500000000000000e+04 1.531547703246046410e+02 9.026480769472550492e+01 3.504285473412294872e+06 -4.689523092451963748e-03
5.914400000000000000e+04 1.417522727272727207e+04 1.264418889974786993e+02 7.875204259302068976e+01 3.504282112776526250e+06 1.730869808454826853e-02
5.914400000000000000e+04 1.418545454545454595e+04 1.231048216802443136e+02 7.105807090082643640e+01 3.504278708730981220e+06 -6.834519717244802450e-03
5.914400000000000000e+04 1.419568181818181802e+04 1.573662666303818867e+02 7.866308084712949267e+01 3.504275333211361896e+06 -5.137320454991822771e-03
5.914400000000000000e+04 1.420590909090909008e+04 1.526347678293261083e+02 8.106925828263936751e+01 3.504271967453329824e+06 3.655132554740703199e-03
5.914400000000000000e+04 1.421613636363636397e+04 1.240982471438245369e+02 7.358973860707904180e+01 3.504268587205470074e+06 -4.713473524020628247e-03
5.914400000000000000e+04 1.422636363636363603e+04 1.910023111401173139e+02 1.000701511319502259e+02 3.504265220907435752e+06 -1.829556652978681086e-03
5.914400000000000000e+04 1.423659090909090992e+04 1.274968039185671671e+02 7.757731547487450996e+01 3.504261863200265914e+06 6.903580967446032446e-03
5.914400000000000000e+04 1.424681818181818198e+04 1.357627120687486126e+02 8.457204725638993636e+01 3.504258495572710875e+06 2.914981303433705762e-03
5.914400000000000000e+04 1.425704545454545405e+04 1.263257256723087920e+02 7.407580446128069696e+01 3.504255130491604097e+06 -1.400694655444567616e-03
5.914400000000000000e+04 1.426727272727272793e+04 1.294318176086504195e+02 7.235782323898244783e+01 3.504251776755843777e+06 2.673716609592702298e-03
5.914400000000000000e+04 1.427750000000000000e+04 1.624743689389180759e+02 8.858586697649772645e+01 3.504248418588749133e+06 -7.268601871146529447e-04
5.914400000000000000e+04 1.428772727272727207e+04 1.139133150010454756e+02 7.022808563306134033e+01 3.504245059285823721e+06 -8.399073506211607310e-03
5.914400000000000000e+04 1.429795454545454595e+04 1.326797284798720682e+02 8.456282438936710832e+01 3.504241716697339434e+06 -2.585655913094342395e-03
5.914400000000000000e+04 1.430818181818181802e+04 1.376025447159937016e+02 8.130013206389337199e+01 3.504238374899879564e+06 6.990175842247481341e-04
5.914400000000000000e+04 1.431840909090909008e+04 1.219780820552770706e+02 7.539410125374983807e+01 3.504235028692634776e+06 -3.831868774796021171e-03
5.914400000000000000e+04 1.432863636363636397e+04 1.348651966273406231e+02 7.964991888733587189e+01 3.504231712074828334e+06 1.774275527532154229e-02
5.914400000000000000e+04 1.433886363636363603e+04 1.557626098151925476e+02 8.858375876608110389e+01 3.504228361207601614e+06 1.516633657843158289e-03
5.914400000000000000e+04 1.434909090909090992e+04 1.469662196048103624e+02 8.719930407281073315e+01 3.504225013915578369e+06 -1.473934840703350346e-02
5.914400000000000000e+04 1.435931818181818198e+04 1.441514896398416568e+02 8.757011922974534457e+01 3.504221706431000959e+06 5.169873320255646831e-03
5.914400000000000000e+04 1.436954545454545405e+04 1.107324529840320224e+02 6.816940216261086505e+01 3.504218389386931434e+06 1.185964721753407503e-02
5.914400000000000000e+04 1.437977272727272793e+04 1.066707132815424472e+02 6.474274861342325948e+01 3.504215056978381239e+06 -4.703631969960042625e-04
5.914400000000000000e+04 1.439000000000000000e+04 1.216245081210265369e+02 6.946570380374487286e+01 3.504211729828940704e+06 -1.116664649498488870e-02
5.914400000000000000e+04 1.440022727272727207e+04 1.700417138372310433e+02 9.417793615925050688e+01 3.504208425988043193e+06 -2.121677305012781289e-03
5.914400000000000000e+04 1.441045454545454595e+04 1.393695469681026964e+02 8.571557550037069007e+01 3.504205119412009604e+06 7.100320270865267958e-04
5.914400000000000000e+04 1.442068181818181802e+04 1.380905744756779825e+02 7.235746700497743689e+01 3.504201813832296990e+06 1.183082099942112109e-03
5.914400000000000000e+04 1.443090909090909008e+04 1.238490300510255224e+02 8.343778835103695712e+01 3.504198504571835976e+06 -5.219576145691462443e-03
5.914400000000000000e+04 1.444113636363636397e+04 1.664455828700472750e+02 9.525008675587493201e+01 3.504195210231969599e+06 3.032059904626294156e-04
5.914400000000000000e+04 1.445136363636363603e+04 1.498079540697926575e+02 7.949378321215857568e+01 3.504191921322647948e+06 8.503865306352054176e-03
5.914400000000000000e+04 1.446159090909090992e+04 1.501745035537641400e+02 8.847937022643937155e+01 3.504188631592397578e+06 1.341900358795555803e-02
5.914400000000000000e+04 1.447181818181818198e+04 1.520939728248863219e+02 9.639610433524705968e+01 3.504185314506014343e+06 -1.115001918924463098e-02
5.914400000000000000e+04 1.448204545454545405e+04 1.681329853709290205e+02 8.959593344274225046e+01 3.504182026846793946e+06 -8.031951023099281883e-03
5.914400000000000000e+04 1.449227272727272793e+04 1.757802345941802002e+02 9.792861451939437245e+01 3.504178733893780503e+06 -1.150549724059146683e-02
5.914400000000000000e+04 1.450250000000000000e+04 1.359425295394546822e+02 7.811657011884256008e+01 3.504175457196618430e+06 4.784350412592175417e-04
5.914400000000000000e+04 1.451272727272727207e+04 1.798814705489217829e+02 9.455926861700351083e+01 3.504172192743880674e+06 2.446796503124915034e-02
5.914400000000000000e+04 1.452295454545454595e+04 1.338369656694094090e+02 8.081032391095425282e+01 3.504168877408813220e+06 -2.041109926040007849e-03
5.914400000000000000e+04 1.453318181818181802e+04 1.301177789072812629e+02 8.714174058703956405e+01 3.504165579409639817e+06 -1.014211191568392678e-02
5.914400000000000000e+04 1.454340909090909008e+04 1.438075792082281623e+02 7.807072165638501815e+01 3.504162294581745751e+06 -3.242394183985197742e-03
5.914400000000000000e+04 1.455363636363636397e+04 1.544497197760547635e+02 8.571091871489748826e+01 3.504159004206664395e+06 7.685495542091302923e-04
5.914400000000000000e+04 1.456386363636363603e+04 1.458732997714256214e+02 8.279050679933735069e+01 3.504155701551703271e+06 -3.938388864412445400e-03
5.914400000000000000e+04 1.457409090909090992e+04 1.408969502610924849e+02 7.929577371712640854e+01 3.504152400599084795e+06 -2.399886790954042226e-03
5.914400000000000000e+04 1.458431818181818198e+04 1.563174907961109739e+02 9.643452350488206548e+01 3.504149090790640097e+06 -4.112595670449081808e-03
5.914400000000000000e+04 1.459454545454545405e+04 1.573597992547829563e+02 7.945668193465625961e+01 3.504145781997189857e+06 1.939142718470066029e-03
5.914400000000000000e+04 1.460477272727272793e+04 1.142181666347335209e+02 6.339903196320808831e+01 3.504142475471136626e+06 1.823879201663203276e-02
5.914400000000000000e+04 1.461500000000000000e+04 1.113244497860177944e+02 7.090045757219125733e+01 3.504139114601085428e+06 -1.050485684879731707e-02
