# Observation conducted on 2020.10.22 at Mc rev. 2 
# Base frequency: 8400.50 MHz dF: 0.2 Hz dT: 0.00025 s 
# Format: Modified JD   |       Time(UTC) [s]    | Signal-to-Noise ratio  |      Spectral max      |  Freq. detection [Hz]  |  Doppler noise [Hz] 
# 
5.914400000000000000e+04 1.463500000000000000e+04 5.793298313798536583e+02 2.535187777147301631e+02 3.501899063943363726e+06 1.267310273541397692e-01
5.914400000000000000e+04 1.464515384615384573e+04 6.399608740879610878e+02 2.882071464740238298e+02 3.501895677055825945e+06 3.144115488760235166e-02
5.914400000000000000e+04 1.465530769230769147e+04 6.142942328561550767e+02 3.066113524126471930e+02 3.501892286405434366e+06 -3.815580741161284095e-02
5.914400000000000000e+04 1.466546153846153902e+04 6.674118579745063471e+02 4.112245141425967745e+02 3.501888908311607316e+06 -6.917868583343533828e-02
5.914400000000000000e+04 1.467561538461538476e+04 7.532613930888853702e+02 3.623594468936478279e+02 3.501885525146395899e+06 -8.246822984040136362e-02
5.914400000000000000e+04 1.468576923076923049e+04 6.872792491582729326e+02 3.857551850239753435e+02 3.501882146557976492e+06 -7.137080722361588414e-02
5.914400000000000000e+04 1.469592307692307622e+04 7.993703087226533626e+02 4.081760838097909527e+02 3.501878776328227483e+06 -3.488801741639235843e-02
5.914400000000000000e+04 1.470607692307692378e+04 6.547114219537309054e+02 3.849078453375887534e+02 3.501875401039232966e+06 1.098262785183123924e-02
5.914400000000000000e+04 1.471623076923076951e+04 6.553074075399558751e+02 3.463242303432776907e+02 3.501872041994162370e+06 8.516139371738518093e-02
5.914400000000000000e+04 1.472638461538461524e+04 6.873828520233703330e+02 3.793844068858199989e+02 3.501868629498491064e+06 1.157603569771481489e-01
5.914400000000000000e+04 1.473653846153846098e+04 5.922871793039083741e+02 3.402268705434865410e+02 3.501865130839093588e+06 6.805530961412387114e-02
5.914400000000000000e+04 1.474669230769230853e+04 5.747358064649782818e+02 3.388951526517267894e+02 3.501861649387388956e+06 4.358171905630570109e-02
5.914400000000000000e+04 1.475684615384615427e+04 7.836912430597807315e+02 3.758499471813648256e+02 3.501858159607219975e+06 1.513541661086037493e-02
5.914400000000000000e+04 1.476700000000000000e+04 8.342632532987047398e+02 4.610822365094623478e+02 3.501854671686332207e+06 -8.603108680404147890e-03
5.914400000000000000e+04 1.477715384615384573e+04 8.938993935830236524e+02 4.251664723577056861e+02 3.501851200542125385e+06 -1.407014686481034005e-02
5.914400000000000000e+04 1.478730769230769147e+04 6.481868444672294345e+02 3.499984638101445853e+02 3.501847727351542097e+06 -2.129606807102391031e-02
5.914400000000000000e+04 1.479746153846153902e+04 6.768756782472005398e+02 4.058341349801040110e+02 3.501844252957604360e+06 -3.050597142555488972e-02
5.914400000000000000e+04 1.480761538461538476e+04 6.930921598733026485e+02 3.759949842904168804e+02 3.501840798439357895e+06 -2.155692918290696980e-02
5.914400000000000000e+04 1.481776923076923049e+04 6.875526109979703051e+02 3.748405433984519277e+02 3.501837336485366803e+06 -2.257167915161062410e-02
5.914400000000000000e+04 1.482792307692307622e+04 8.138983545498937247e+02 4.512780787514927852e+02 3.501833883737117052e+06 -1.760241174793009122e-02
5.914400000000000000e+04 1.483807692307692378e+04 7.723270845491713317e+02 4.475899057084739638e+02 3.501830442868218292e+06 -4.558751661761561991e-03
5.914400000000000000e+04 1.484823076923076951e+04 6.937558975224910682e+02 3.957947145470881765e+02 3.501826997226863634e+06 -5.724883667426183820e-04
5.914400000000000000e+04 1.485838461538461524e+04 6.562588651331075198e+02 3.342863053383154579e+02 3.501823556407232769e+06 3.566639086443501583e-03
5.914400000000000000e+04 1.486853846153846098e+04 6.608227117102105694e+02 3.860525703475919954e+02 3.501820122157602105e+06 9.311865169252087071e-03
5.914400000000000000e+04 1.487869230769230853e+04 7.378432253241801391e+02 3.700123199260309548e+02 3.501816691901954357e+06 1.387381893835026858e-02
5.914400000000000000e+04 1.488884615384615427e+04 6.690207313487538840e+02 3.725880431456710653e+02 3.501813266340493690e+06 1.781385533877255511e-02
5.914400000000000000e+04 1.489900000000000000e+04 7.427631917798427139e+02 3.895449232255785432e+02 3.501809837308545597e+06 1.289576047406626458e-02
5.914400000000000000e+04 1.490915384615384573e+04 8.128044431087640760e+02 4.318582445590295151e+02 3.501806422189487144e+06 1.649150005437149957e-02
5.914400000000000000e+04 1.491930769230769147e+04 6.008616214759994136e+02 3.818987881727811668e+02 3.501803011347931344e+06 1.900721285289819207e-02
5.914400000000000000e+04 1.492946153846153902e+04 6.039328928490876933e+02 3.754150133345830795e+02 3.501799596105256118e+06 1.185155358461997821e-02
5.914400000000000000e+04 1.493961538461538476e+04 6.187429405703421708e+02 3.541702826055838500e+02 3.501796199992575217e+06 1.868147543814302480e-02
5.914400000000000000e+04 1.494976923076923049e+04 4.936162758366912158e+02 3.294247143857248261e+02 3.501792796543878503e+06 1.318818149388789607e-02
5.914400000000000000e+04 1.495992307692307622e+04 5.926119957728857344e+02 3.285623264750281578e+02 3.501789391237079632e+06 1.030987884064415994e-03
5.914400000000000000e+04 1.497007692307692378e+04 6.397789892248644037e+02 3.424322580475318318e+02 3.501786003370603547e+06 1.706720544348172552e-03
5.914400000000000000e+04 1.498023076923076951e+04 6.738073407650852005e+02 3.563251508283090061e+02 3.501782610224495176e+06 -7.296364296735191601e-03
5.914400000000000000e+04 1.499038461538461524e+04 7.982764530004685639e+02 3.884358398350493076e+02 3.501779225576024037e+06 -1.199015883969423157e-02
5.914400000000000000e+04 1.500053846153846098e+04 5.895967667248656880e+02 3.257313128582692912e+02 3.501775847135913093e+06 -1.445766771166745457e-02
5.914400000000000000e+04 1.501069230769230853e+04 5.601727264618859863e+02 3.453512478931304486e+02 3.501772466877726372e+06 -2.253080529453654890e-02
5.914400000000000000e+04 1.502084615384615427e+04 5.543832050034847043e+02 3.070188649656258235e+02 3.501769097186392173e+06 -2.364906101388442039e-02
5.914400000000000000e+04 1.503100000000000000e+04 5.638115944512619535e+02 3.259256230345635572e+02 3.501765723358552903e+06 -3.236633545304812287e-02
5.914400000000000000e+04 1.504115384615384573e+04 5.327242064256071217e+02 3.087648729160501944e+02 3.501762363276374992e+06 -3.068432224711159506e-02
5.914400000000000000e+04 1.505130769230769147e+04 6.737198109648792297e+02 3.549787249816771464e+02 3.501759003325454891e+06 -3.214178554185309622e-02
5.914400000000000000e+04 1.506146153846153902e+04 6.292938380831423046e+02 3.455579265741433233e+02 3.501755656698293053e+06 -2.351827625136593269e-02
5.914400000000000000e+04 1.507161538461538476e+04 6.526777437540603160e+02 3.455758359615510926e+02 3.501752308651613072e+06 -1.958399906970953452e-02
5.914400000000000000e+04 1.508176923076923049e+04 6.128866935876967545e+02 3.634187088787501807e+02 3.501748956377078779e+06 -2.323628508975161822e-02
5.914400000000000000e+04 1.509192307692307622e+04 6.352309094618747167e+02 3.796314241254776221e+02 3.501745623661289923e+06 -1.084678158451879426e-02
5.914400000000000000e+04 1.510207692307692378e+04 6.401438455472730311e+02 3.658898900474033553e+02 3.501742296283594798e+06 3.129170694933236518e-03
5.914400000000000000e+04 1.511223076923076951e+04 7.165763330324010667e+02 3.802758273721824480e+02 3.501738952204135712e+06 -3.666602289854381524e-03
5.914400000000000000e+04 1.512238461538461524e+04 5.520376603774576552e+02 3.178705099746256906e+02 3.501735637912718114e+06 1.484657097387298563e-02
5.914400000000000000e+04 1.513253846153846098e+04 5.822693048290501565e+02 3.403146386912541175e+02 3.501732327028020751e+06 3.178023197529000754e-02
5.914400000000000000e+04 1.514269230769230853e+04 7.301152591352195032e+02 3.619209236080166647e+02 3.501729002313283738e+06 2.928529162022641685e-02
5.914400000000000000e+04 1.515284615384615427e+04 7.287681349168765337e+02 3.741696265685764615e+02 3.501725692237908952e+06 3.510644326740930410e-02
5.914400000000000000e+04 1.516300000000000000e+04 5.666787479036665900e+02 3.384437962858459628e+02 3.501722391514851246e+06 4.311236527814799047e-02
5.914400000000000000e+04 1.517315384615384573e+04 6.621524608793740754e+02 3.585419918105760644e+02 3.501719098774312064e+06 5.096222841393682756e-02
5.914400000000000000e+04 1.518330769230769147e+04 5.867225130024205555e+02 3.279425887686232954e+02 3.501715818349115551e+06 6.188388258590293844e-02
5.914400000000000000e+04 1.519346153846153902e+04 4.935444691343473664e+02 2.808578784693719399e+02 3.501712520523880608e+06 4.491584292611605633e-02
5.914400000000000000e+04 1.520361538461538476e+04 5.612659830111974770e+02 2.833546812976928209e+02 3.501709245908057317e+06 3.927313720885194925e-02
5.914400000000000000e+04 1.521376923076923049e+04 6.690791806102381543e+02 3.497921843260886590e+02 3.501705955026689917e+06 3.930882072381791659e-03
5.914400000000000000e+04 1.522392307692307622e+04 6.595762185563410185e+02 3.716745767635965763e+02 3.501702700956446119e+06 -9.746877253292041132e-03
5.914400000000000000e+04 1.523407692307692378e+04 5.469461742684896990e+02 3.286305265678088858e+02 3.501699447302947752e+06 -4.003702219119986694e-02
5.914400000000000000e+04 1.524423076923076951e+04 6.629654184864858735e+02 3.376945902884860971e+02 3.501696207497566938e+06 -7.556775228658807464e-02
5.914400000000000000e+04 1.525438461538461524e+04 3.966534788488733625e+02 2.574974363276085683e+02 3.501692976895728614e+06 -1.232274715406447285e-01
5.914400000000000000e+04 1.526453846153846098e+04 5.132228853258250183e+02 2.765810530646654115e+02 3.501689746484716889e+06 -1.944641683810459654e-01
5.914400000000000000e+04 1.527469230769230853e+04 2.078540763920668155e+02 1.157060170853849996e+02 3.501686581540965941e+06 -2.266353162069663085e-01
5.914400000000000000e+04 1.528484615384615427e+04 5.463957373922748495e+00 4.495089534969180178e+00 3.501199476755216718e+06 -4.842278898971014769e+02
5.914400000000000000e+04 1.529500000000000000e+04 8.443315700607078256e+00 4.909058364230393323e+00 3.502670703762656543e+06 9.900703545409130584e+02
