# Observation conducted on 2020.10.22 at Ys rev. 2 
# Base frequency: 8400.50 MHz dF: 0.2 Hz dT: 0.00025 s 
# Format: Modified JD   |       Time(UTC) [s]    | Signal-to-Noise ratio  |      Spectral max      |  Freq. detection [Hz]  |  Doppler noise [Hz] 
# 
5.914400000000000000e+04 1.467500000000000000e+04 6.714802621756881535e+02 3.884822429950816058e+02 3.501785901106923353e+06 -6.275181036278354441e-02
5.914400000000000000e+04 1.468516393442622939e+04 6.905893361707538816e+02 3.832577472914491068e+02 3.501780646092503332e+06 -5.024499988644492987e-02
5.914400000000000000e+04 1.469532786885245878e+04 6.466573542315454688e+02 3.609708449317521399e+02 3.501775392377921846e+06 -2.172584927882326156e-02
5.914400000000000000e+04 1.470549180327868817e+04 6.457594343605662743e+02 3.967261190801210091e+02 3.501770140344311483e+06 2.124952880478758743e-02
5.914400000000000000e+04 1.471565573770491756e+04 6.672296537090724087e+02 3.920184226111977068e+02 3.501764904154682532e+06 9.102649939870843809e-02
5.914400000000000000e+04 1.472581967213114694e+04 5.803663807304980082e+02 3.602186537646624629e+02 3.501759613317271695e+06 1.154118007063971163e-01
5.914400000000000000e+04 1.473598360655737633e+04 7.638682303348273308e+02 3.846546266642834553e+02 3.501754247042233590e+06 7.202677654890976555e-02
5.914400000000000000e+04 1.474614754098360572e+04 6.745440653372145334e+02 3.937680992327068452e+02 3.501748898614054546e+06 5.267633506775837304e-02
5.914400000000000000e+04 1.475631147540983693e+04 6.854323878008966631e+02 3.859101129725584087e+02 3.501743506538708229e+06 -5.507355058057328279e-03
5.914400000000000000e+04 1.476647540983606632e+04 6.670090999499216196e+02 4.066422417651497767e+02 3.501738161475434434e+06 -1.313653996635366639e-02
5.914400000000000000e+04 1.477663934426229571e+04 7.275228741975435014e+02 4.157609534040343533e+02 3.501732807094084565e+06 -2.771399383266270888e-02
5.914400000000000000e+04 1.478680327868852510e+04 5.346635222471285260e+02 3.548647017888975483e+02 3.501727459509990178e+06 -3.420160847474562615e-02
5.914400000000000000e+04 1.479696721311475449e+04 7.157056177250969995e+02 3.972510826476818124e+02 3.501722099657103885e+06 -5.265070506402480532e-02
5.914400000000000000e+04 1.480713114754098387e+04 6.524669507573916007e+02 3.703927200195961973e+02 3.501716773370384704e+06 -3.812311236936238856e-02
5.914400000000000000e+04 1.481729508196721326e+04 7.372166549016127419e+02 3.835273211720895006e+02 3.501711433085815050e+06 -3.899459910132918594e-02
5.914400000000000000e+04 1.482745901639344265e+04 8.496353533341138018e+02 4.281075682798613116e+02 3.501706103003437631e+06 -3.179530015790987818e-02
5.914400000000000000e+04 1.483762295081967204e+04 7.398612110249700891e+02 4.203236817042730422e+02 3.501700776269447058e+06 -2.403107914017255098e-02
5.914400000000000000e+04 1.484778688524590143e+04 6.938143709193809627e+02 3.963395870966263033e+02 3.501695441114627291e+06 -2.804854845828685939e-02
5.914400000000000000e+04 1.485795081967213082e+04 7.275610167427468014e+02 4.168465955847457849e+02 3.501690122094892897e+06 -1.979798419438338897e-02
5.914400000000000000e+04 1.486811475409836021e+04 7.364734156323723937e+02 3.860071485887352196e+02 3.501684803482095711e+06 -1.544597798658742249e-02
5.914400000000000000e+04 1.487827868852458960e+04 6.821758400316656434e+02 3.661671001830835621e+02 3.501679488188151736e+06 -1.245476668157152744e-02
5.914400000000000000e+04 1.488844262295081899e+04 7.668708922108907018e+02 4.018656831124843052e+02 3.501674181404289324e+06 -5.946439189301599981e-03
5.914400000000000000e+04 1.489860655737704838e+04 7.903850401126657061e+02 4.265736982496001133e+02 3.501668884200174361e+06 4.892729538141793455e-03
5.914400000000000000e+04 1.490877049180327958e+04 8.279103194005670048e+02 4.069792609814139155e+02 3.501663599370476324e+06 2.265538753260898375e-02
5.914400000000000000e+04 1.491893442622950897e+04 6.395462617412651980e+02 3.705327531340880682e+02 3.501658301792864688e+06 2.206764733682575752e-02
5.914400000000000000e+04 1.492909836065573836e+04 7.788196790495528603e+02 3.846525565163397573e+02 3.501653019002474379e+06 3.056009176680163364e-02
5.914400000000000000e+04 1.493926229508196775e+04 6.975403245235817167e+02 3.810032701023474715e+02 3.501647734379091300e+06 3.145150537113750033e-02
5.914400000000000000e+04 1.494942622950819714e+04 6.970355585495856303e+02 3.913434293956049714e+02 3.501642456735478248e+06 3.353374125629215996e-02
5.914400000000000000e+04 1.495959016393442653e+04 6.678738533735948977e+02 4.016749448494895773e+02 3.501637169566026423e+06 2.031691561342086061e-02
5.914400000000000000e+04 1.496975409836065592e+04 7.218823255078658576e+02 4.055008152572846143e+02 3.501631913737325463e+06 3.271652272701430775e-02
5.914400000000000000e+04 1.497991803278688531e+04 7.873654065996809095e+02 4.081778810799467010e+02 3.501626645986087155e+06 2.754789901484855363e-02
5.914400000000000000e+04 1.499008196721311469e+04 6.295704178101910884e+02 3.591510346843958246e+02 3.501621388337932061e+06 2.694155516860519128e-02
5.914400000000000000e+04 1.500024590163934408e+04 6.883758135596186776e+02 3.627489915350941487e+02 3.501616120785778854e+06 1.101810744262365915e-02
5.914400000000000000e+04 1.501040983606557347e+04 6.651137133089815734e+02 3.700011030251454258e+02 3.501610867882683408e+06 4.477660159977858711e-03
5.914400000000000000e+04 1.502057377049180286e+04 6.567656951292264011e+02 3.780496407681329742e+02 3.501605629044301342e+06 6.898809595782040560e-03
5.914400000000000000e+04 1.503073770491803225e+04 7.345881517814262907e+02 4.015921140869144210e+02 3.501600384274012409e+06 -1.539685331295004289e-03
5.914400000000000000e+04 1.504090163934426164e+04 8.499997348729226587e+02 4.194503592867674229e+02 3.501595150885630865e+06 -3.339653687135069049e-03
5.914400000000000000e+04 1.505106557377049103e+04 5.860319928345354583e+02 3.674598536567626184e+02 3.501589919550208841e+06 -7.640161738549977599e-03
5.914400000000000000e+04 1.506122950819672042e+04 6.751356643470199970e+02 3.709219147171583586e+02 3.501584689349881373e+06 -1.516712922057195101e-02
5.914400000000000000e+04 1.507139344262295162e+04 6.738541006631778600e+02 3.866469904756623350e+02 3.501579470356939360e+06 -1.565770958222856279e-02
5.914400000000000000e+04 1.508155737704918101e+04 7.342010109911699374e+02 3.830225891670701799e+02 3.501574238717754371e+06 -3.277982427198367077e-02
5.914400000000000000e+04 1.509172131147541040e+04 7.470973165314475182e+02 4.098660218357802592e+02 3.501569041865105741e+06 -1.892329219697330700e-02
5.914400000000000000e+04 1.510188524590163979e+04 7.622886196953365925e+02 3.895958005460435629e+02 3.501563839138953481e+06 -1.458251382382513839e-02
5.914400000000000000e+04 1.511204918032786918e+04 6.316107802631507866e+02 3.556805998933255637e+02 3.501558617292049341e+06 -3.285431798565241479e-02
5.914400000000000000e+04 1.512221311475409857e+04 7.890560940267654360e+02 4.190544246085927398e+02 3.501553432424126193e+06 -1.750722497376955289e-02
5.914400000000000000e+04 1.513237704918032796e+04 5.875030337530678253e+02 3.560416065157030516e+02 3.501548240177304484e+06 -1.278950469463779882e-02
5.914400000000000000e+04 1.514254098360655735e+04 6.459324189531848788e+02 3.751061230787743170e+02 3.501543044139554258e+06 -1.502916539266152540e-02
5.914400000000000000e+04 1.515270491803278674e+04 8.994200504284954150e+02 4.228561098492018573e+02 3.501537859589192551e+06 -8.892914172633936687e-03
5.914400000000000000e+04 1.516286885245901613e+04 6.953160523268664974e+02 3.851198604202210163e+02 3.501532673943466041e+06 -6.941034908095389255e-03
5.914400000000000000e+04 1.517303278688524551e+04 6.769780870487056745e+02 3.927988550615935992e+02 3.501527495077779051e+06 -1.311612551944563165e-03
5.914400000000000000e+04 1.518319672131147490e+04 6.724114514559851159e+02 3.797656348159713389e+02 3.501522327790909447e+06 1.274122283450651594e-02
5.914400000000000000e+04 1.519336065573770429e+04 7.122106144737002751e+02 3.796726861765260423e+02 3.501517149514287710e+06 1.255311870238529082e-02
5.914400000000000000e+04 1.520352459016393368e+04 6.519673293772019633e+02 3.658501800378923008e+02 3.501511975680545904e+06 1.341459329364624864e-02
5.914400000000000000e+04 1.521368852459016489e+04 6.765853919937405863e+02 3.826209137421258788e+02 3.501506812391326763e+06 2.123538603939323366e-02
5.914400000000000000e+04 1.522385245901639428e+04 7.794219939878112200e+02 3.894652544277385573e+02 3.501501634468491655e+06 1.059221003595212096e-02
5.914400000000000000e+04 1.523401639344262367e+04 6.415303279998086055e+02 3.727872089479406554e+02 3.501496489374506287e+06 2.864567906931370089e-02
5.914400000000000000e+04 1.524418032786885306e+04 7.181190864484628946e+02 3.792210437701619981e+02 3.501491317220692988e+06 1.514510524350498599e-02
5.914400000000000000e+04 1.525434426229508244e+04 6.425951275581313666e+02 3.770824930021128694e+02 3.501486160371473990e+06 1.202928290217641916e-02
5.914400000000000000e+04 1.526450819672131183e+04 7.469452324452034873e+02 3.801995540363898272e+02 3.501481014277148061e+06 1.425581027865518990e-02
5.914400000000000000e+04 1.527467213114754122e+04 5.924214535319421202e+02 3.302668643694681236e+02 3.501475855296330992e+06 -2.379928027949063107e-03
5.914400000000000000e+04 1.528483606557377061e+04 6.681097252338137196e+02 3.649250764343120181e+02 3.501470712836909574e+06 -9.107264518661395414e-03
5.914400000000000000e+04 1.529500000000000000e+04 6.197289653399019471e+02 3.768019931674601821e+02 3.501465544486260042e+06 -4.905348466843406641e-02
