# Observation conducted on 2020.10.22 at Wb rev. 2 
# Base frequency: 8400.50 MHz dF: 0.2 Hz dT: 0.00025 s 
# Format: Modified JD   |       Time(UTC) [s]    | Signal-to-Noise ratio  |      Spectral max      |  Freq. detection [Hz]  |  Doppler noise [Hz] 
# 
5.914400000000000000e+04 1.416600000000000000e+04 5.932114049791646693e+01 3.737985782271165647e+01 3.503563658728182316e+06 -1.578903786594310077e-03
5.914400000000000000e+04 1.417622222222222263e+04 8.396653626268215476e+01 5.105228353225556504e+01 3.503559688564907759e+06 2.199918269866429910e-03
5.914400000000000000e+04 1.418644444444444525e+04 1.077018492440136868e+02 6.112984769712501532e+01 3.503555719068055041e+06 7.499323601678042905e-03
5.914400000000000000e+04 1.419666666666666606e+04 9.783158731398899022e+01 6.368591903703423185e+01 3.503551732487809379e+06 -4.428102384622434329e-03
5.914400000000000000e+04 1.420688888888888869e+04 6.183730106933752779e+01 4.008911707264146429e+01 3.503547759313051589e+06 -3.964966662351798732e-03
5.914400000000000000e+04 1.421711111111111131e+04 9.506644089072219117e+01 5.841442832665419616e+01 3.503543781072454527e+06 -1.033505959287595033e-02
5.914400000000000000e+04 1.422733333333333394e+04 1.037913471634972353e+02 6.168322606703579680e+01 3.503539815324049909e+06 -6.620880300943099428e-03
5.914400000000000000e+04 1.423755555555555475e+04 1.082973145420001231e+02 6.549802710670039119e+01 3.503535845677159261e+06 -9.748799888143366843e-03
5.914400000000000000e+04 1.424777777777777737e+04 1.070518024692493810e+02 6.601178118862392807e+01 3.503531905618849210e+06 1.333031007652607514e-02
5.914400000000000000e+04 1.425800000000000000e+04 1.125240606936255574e+02 6.311644675929198200e+01 3.503527936934969388e+06 4.055021804674652230e-03
5.914400000000000000e+04 1.426822222222222263e+04 9.643833071584425909e+01 5.659106446308708627e+01 3.503523987771687098e+06 1.030779153870753362e-02
5.914400000000000000e+04 1.427844444444444525e+04 1.018912351235267835e+02 5.872435988822483210e+01 3.503520030599768739e+06 4.372158410319570976e-03
5.914400000000000000e+04 1.428866666666666606e+04 1.012335235127970350e+02 6.269924081216464629e+01 3.503516094580079895e+06 1.529114609729731455e-02
5.914400000000000000e+04 1.429888888888888869e+04 1.111145375491134644e+02 6.466750636303363819e+01 3.503512115366326179e+06 -2.133708143003332225e-02
5.914400000000000000e+04 1.430911111111111131e+04 1.013136456951354774e+02 5.518597770006451952e+01 3.503508195535418112e+06 -2.935947913783820695e-03
5.914400000000000000e+04 1.431933333333333394e+04 9.084317747445264501e+01 5.765178254688473913e+01 3.503504274789898191e+06 1.024487228266934835e-02
5.914400000000000000e+04 1.432955555555555475e+04 1.001824087101599758e+02 5.570238862892776410e+01 3.503500327132613398e+06 -7.702965226371816243e-03
5.914400000000000000e+04 1.433977777777777737e+04 1.060159021027115500e+02 6.808952286093590089e+01 3.503496402712994721e+06 -6.507282782763468276e-03
5.914400000000000000e+04 1.435000000000000000e+04 9.340742687586448767e+01 5.232844442679691355e+01 3.503492498750132509e+06 1.120060038942938263e-02
5.914400000000000000e+04 1.436022222222222263e+04 1.071310019406326006e+02 5.797790929406723137e+01 3.503488572934770491e+06 3.280775370626543008e-03
5.914400000000000000e+04 1.437044444444444525e+04 1.151537145622247920e+02 5.196280436245897505e+01 3.503484657569449395e+06 2.217793415411506430e-03
5.914400000000000000e+04 1.438066666666666606e+04 8.398905184478428509e+01 5.107463186209572115e+01 3.503480736069625709e+06 -8.385304647163138725e-03
5.914400000000000000e+04 1.439088888888888869e+04 7.927571057058939630e+01 4.861777383676496100e+01 3.503476836774778087e+06 -2.971608182633644901e-06
5.914400000000000000e+04 1.440111111111111131e+04 1.171784514773581805e+02 6.697277104152558991e+01 3.503472932879404165e+06 7.367523428456479451e-04
5.914400000000000000e+04 1.441133333333333394e+04 1.119007571237078054e+02 6.583404993154648821e+01 3.503469036496498622e+06 6.108623659429213149e-03
5.914400000000000000e+04 1.442155555555555475e+04 8.772044168374343087e+01 5.605278182554880573e+01 3.503465127578721382e+06 -3.795721693336417957e-03
5.914400000000000000e+04 1.443177777777777737e+04 1.505573707328075272e+02 8.301109888673138926e+01 3.503461229723048862e+06 -5.270210594972013496e-03
5.914400000000000000e+04 1.444200000000000000e+04 1.187069548380132176e+02 7.132838816685952565e+01 3.503457339574036654e+06 -1.598161105789586145e-03
5.914400000000000000e+04 1.445222222222222263e+04 1.045624150809644135e+02 6.244173062279889308e+01 3.503453448218389414e+06 -1.664799991772270005e-03
5.914400000000000000e+04 1.446244444444444525e+04 8.561268586734243513e+01 6.340305497060796824e+01 3.503449547999252100e+06 -1.315006600441392948e-02
5.914400000000000000e+04 1.447266666666666606e+04 1.386195752177555676e+02 7.512658542768186010e+01 3.503445680823655799e+06 5.771747601443166786e-03
5.914400000000000000e+04 1.448288888888888869e+04 1.227431747903686841e+02 7.170446948712266533e+01 3.503441792217612732e+06 4.799980168854744988e-04
5.914400000000000000e+04 1.449311111111111131e+04 1.281619306738073476e+02 6.932027176603736507e+01 3.503437913448429201e+06 2.022913603127562965e-03
5.914400000000000000e+04 1.450333333333333394e+04 9.607509845007463412e+01 5.773898012707034866e+01 3.503434033820372541e+06 -5.938280539794504875e-04
5.914400000000000000e+04 1.451355555555555475e+04 1.140399438891182484e+02 6.881668228645079921e+01 3.503430179329152685e+06 1.824029006684213527e-02
5.914400000000000000e+04 1.452377777777777737e+04 1.008744820236953501e+02 6.100998446694862309e+01 3.503426288948198315e+06 -2.980190976131780189e-03
5.914400000000000000e+04 1.453400000000000000e+04 1.064537394120396812e+02 6.008619845096338707e+01 3.503422418532109354e+06 -8.980342473932978464e-03
5.914400000000000000e+04 1.454422222222222263e+04 8.993641845889034414e+01 4.910622674123876408e+01 3.503418560876291711e+06 -7.652303073314214998e-03
5.914400000000000000e+04 1.455444444444444525e+04 1.048510221176896664e+02 6.242717046229655864e+01 3.503414713556709699e+06 -2.222621751116093947e-03
5.914400000000000000e+04 1.456466666666666606e+04 1.117338124085188298e+02 5.993739866181222453e+01 3.503410877409107517e+06 7.219880420848312497e-03
5.914400000000000000e+04 1.457488888888888869e+04 1.400217015580151099e+02 7.604849068159532521e+01 3.503407033512987662e+06 7.009917723053149530e-04
5.914400000000000000e+04 1.458511111111111131e+04 1.155045913755220681e+02 7.547713592078012823e+01 3.503403196149390191e+06 -8.688197978131029231e-03
5.914400000000000000e+04 1.459533333333333394e+04 1.103610570960538553e+02 6.988530291196313726e+01 3.503399378999520093e+06 -8.599762170092617453e-03
5.914400000000000000e+04 1.460555555555555475e+04 9.838395251302067379e+01 5.887754424802568565e+01 3.503395596140888520e+06 1.356011598988970945e-02
5.914400000000000000e+04 1.461577777777777737e+04 8.576742026926804385e+01 5.263685858967207309e+01 3.503391796606079210e+06 5.182813931469354429e-03
5.914400000000000000e+04 1.462600000000000000e+04 1.031542333321686868e+02 5.637858367633435108e+01 3.503388013423155528e+06 -2.509407031197952165e-03
