3.890565997504233e-15
-8.701758049180537e-15
-2.905787426547508e-16
9.048475952372197e-08
3.316572554673944e-08
-1.670356428111266e-09
-5.837201348361752e-13
-8.477394383092604e-07
-2.311409623463213e-13
-2.361568671058712e-13
-2.018766878195185e-16
7.335705853071576e-07
-7.407689822311403e-07
7.396242601047670e-07
7.590713285979834e-07
7.518185109453219e-07
-7.587007340597283e-07
7.590713282943106e-07
7.561735790425089e-07
-2.402964466461078e-07
2.425968207354274e-07
2.424159579534924e-07
-2.448670015670797e-07
-2.422870238362470e-07
-2.447130675063389e-07
2.444702682978858e-07
2.508665026639956e-07
-2.459459921113763e-07
2.464070478688307e-07
2.507791077002172e-07
-2.507048462556391e-07
-2.463257669965424e-07
2.422639227700564e-07
-2.504307673466516e-07
2.459280498235812e-07
-2.444779803333088e-07
-2.459819354572141e-07
2.508658716755327e-07
2.498541647373726e-07
