6.628680000000000e+08
6.628716000000000e+08
6.628752000000000e+08
6.631344000000000e+08
6.646572000000000e+08
6.649128000000000e+08
6.649164000000000e+08
6.649200000000000e+08
6.649236000000000e+08
6.652620000000000e+08
6.652656000000000e+08
6.652692000000000e+08
6.652728000000000e+08
6.652764000000000e+08
6.652800000000000e+08
6.655284000000000e+08
6.655320000000000e+08
6.655356000000000e+08
6.655392000000000e+08
6.655428000000000e+08
6.655464000000000e+08
6.658848000000000e+08
6.658884000000000e+08
6.658920000000000e+08
6.658956000000000e+08
6.658992000000000e+08
6.661512000000000e+08
6.661548000000000e+08
6.661584000000000e+08
6.646536000000000e+08
6.646572000000000e+08
6.649128000000000e+08
6.649164000000000e+08
6.649200000000000e+08
6.649236000000000e+08
6.652620000000000e+08
6.652656000000000e+08
6.652692000000000e+08
6.652728000000000e+08
6.652764000000000e+08
6.652800000000000e+08
6.655284000000000e+08
6.655320000000000e+08
6.655356000000000e+08
6.655392000000000e+08
6.658848000000000e+08
6.628680000000000e+08
6.628716000000000e+08
6.628752000000000e+08
6.628788000000000e+08
6.628824000000000e+08
6.631344000000000e+08
6.631380000000000e+08
6.631416000000000e+08
6.631452000000000e+08
6.631488000000000e+08
6.634872000000000e+08
6.634908000000000e+08
6.634944000000000e+08
6.634980000000000e+08
6.635016000000000e+08
6.637536000000000e+08
6.637572000000000e+08
6.637608000000000e+08
6.655392000000000e+08
6.655428000000000e+08
6.655464000000000e+08
6.658848000000000e+08
6.658884000000000e+08
6.658920000000000e+08
6.658956000000000e+08
6.658992000000000e+08
6.659028000000000e+08
6.661512000000000e+08
6.661548000000000e+08
6.661584000000000e+08
6.661620000000000e+08
6.661656000000000e+08
6.661692000000000e+08
6.665040000000000e+08
6.665076000000000e+08
6.665112000000000e+08
6.665148000000000e+08
6.665184000000000e+08
6.665220000000000e+08
6.667704000000000e+08
6.667740000000000e+08
6.667776000000000e+08
6.667812000000000e+08
6.667848000000000e+08
6.628680000000000e+08
6.628716000000000e+08
6.628752000000000e+08
6.628788000000000e+08
6.628824000000000e+08
6.631344000000000e+08
6.631380000000000e+08
6.631416000000000e+08
6.631452000000000e+08
6.631488000000000e+08
6.634872000000000e+08
6.634908000000000e+08
6.634944000000000e+08
6.637536000000000e+08
6.655428000000000e+08
6.655464000000000e+08
6.658848000000000e+08
6.658884000000000e+08
6.658920000000000e+08
6.658956000000000e+08
6.658992000000000e+08
6.659028000000000e+08
6.661512000000000e+08
6.661548000000000e+08
6.661584000000000e+08
6.661620000000000e+08
6.661656000000000e+08
6.661692000000000e+08
6.665040000000000e+08
6.665076000000000e+08
6.665112000000000e+08
6.665148000000000e+08
6.667704000000000e+08
6.667740000000000e+08
6.628680000000000e+08
6.628716000000000e+08
6.628752000000000e+08
6.628788000000000e+08
6.628824000000000e+08
6.631344000000000e+08
6.631380000000000e+08
6.631416000000000e+08
6.631452000000000e+08
6.631488000000000e+08
6.634872000000000e+08
6.634908000000000e+08
6.634944000000000e+08
6.637536000000000e+08
6.655428000000000e+08
6.655464000000000e+08
6.658848000000000e+08
6.658884000000000e+08
6.658920000000000e+08
6.658956000000000e+08
6.658992000000000e+08
6.659028000000000e+08
6.661512000000000e+08
6.661548000000000e+08
6.661584000000000e+08
6.661620000000000e+08
6.661656000000000e+08
6.661692000000000e+08
6.665040000000000e+08
6.665076000000000e+08
6.665112000000000e+08
6.665148000000000e+08
6.667704000000000e+08
6.667740000000000e+08
6.646536000000000e+08
6.646572000000000e+08
6.649128000000000e+08
6.649164000000000e+08
6.649200000000000e+08
6.649236000000000e+08
6.652620000000000e+08
6.652656000000000e+08
6.652692000000000e+08
6.652728000000000e+08
6.655284000000000e+08
6.655320000000000e+08
6.646536000000000e+08
6.646572000000000e+08
6.649128000000000e+08
6.649164000000000e+08
6.649200000000000e+08
6.649236000000000e+08
6.652620000000000e+08
6.652656000000000e+08
6.652692000000000e+08
6.652728000000000e+08
6.655284000000000e+08
6.655320000000000e+08
6.628680000000000e+08
6.628716000000000e+08
6.628752000000000e+08
6.628788000000000e+08
6.628824000000000e+08
6.631344000000000e+08
6.631380000000000e+08
6.631416000000000e+08
6.631452000000000e+08
6.631488000000000e+08
6.634872000000000e+08
6.634908000000000e+08
6.634944000000000e+08
6.634980000000000e+08
6.637536000000000e+08
6.637572000000000e+08
6.652800000000000e+08
6.655356000000000e+08
6.655392000000000e+08
6.655428000000000e+08
6.655464000000000e+08
6.658848000000000e+08
6.658884000000000e+08
6.658920000000000e+08
6.658956000000000e+08
6.658992000000000e+08
6.659028000000000e+08
6.661512000000000e+08
6.661548000000000e+08
6.661584000000000e+08
6.661620000000000e+08
6.661656000000000e+08
6.661692000000000e+08
6.665040000000000e+08
6.665076000000000e+08
6.665112000000000e+08
6.665148000000000e+08
6.665184000000000e+08
6.665220000000000e+08
6.667704000000000e+08
6.667740000000000e+08
6.667776000000000e+08
6.667812000000000e+08
6.628680000000000e+08
6.628716000000000e+08
6.628752000000000e+08
6.628788000000000e+08
6.628824000000000e+08
6.631344000000000e+08
6.631380000000000e+08
6.631416000000000e+08
6.631452000000000e+08
6.631488000000000e+08
6.634872000000000e+08
6.634908000000000e+08
6.634944000000000e+08
6.634980000000000e+08
6.635016000000000e+08
6.637536000000000e+08
6.637572000000000e+08
6.637608000000000e+08
6.652800000000000e+08
6.655392000000000e+08
6.655428000000000e+08
6.655464000000000e+08
6.658848000000000e+08
6.658884000000000e+08
6.658920000000000e+08
6.658956000000000e+08
6.658992000000000e+08
6.659028000000000e+08
6.661512000000000e+08
6.661548000000000e+08
6.661584000000000e+08
6.661620000000000e+08
6.661656000000000e+08
6.661692000000000e+08
6.665040000000000e+08
6.665076000000000e+08
6.665112000000000e+08
6.665148000000000e+08
6.665184000000000e+08
6.665220000000000e+08
6.667704000000000e+08
6.667740000000000e+08
6.667776000000000e+08
6.667812000000000e+08
6.628680000000000e+08
6.628716000000000e+08
6.628752000000000e+08
6.628788000000000e+08
6.628824000000000e+08
6.631344000000000e+08
6.631380000000000e+08
6.631416000000000e+08
6.631452000000000e+08
6.631488000000000e+08
6.634872000000000e+08
6.634908000000000e+08
6.634944000000000e+08
6.634980000000000e+08
6.635016000000000e+08
6.637536000000000e+08
6.637572000000000e+08
6.637608000000000e+08
6.652800000000000e+08
6.655392000000000e+08
6.655428000000000e+08
6.655464000000000e+08
6.658848000000000e+08
6.658884000000000e+08
6.658920000000000e+08
6.658956000000000e+08
6.658992000000000e+08
6.659028000000000e+08
6.661512000000000e+08
6.661548000000000e+08
6.661584000000000e+08
6.661620000000000e+08
6.661656000000000e+08
6.661692000000000e+08
6.665040000000000e+08
6.665076000000000e+08
6.665112000000000e+08
6.665148000000000e+08
6.665184000000000e+08
6.665220000000000e+08
6.667704000000000e+08
6.667740000000000e+08
6.667776000000000e+08
6.667812000000000e+08
6.628680000000000e+08
6.628716000000000e+08
6.646500000000000e+08
6.646536000000000e+08
6.646572000000000e+08
6.649128000000000e+08
6.649164000000000e+08
6.649200000000000e+08
6.649236000000000e+08
6.649956000000000e+08
6.652620000000000e+08
6.652656000000000e+08
6.652692000000000e+08
6.652728000000000e+08
6.652764000000000e+08
6.652800000000000e+08
6.655284000000000e+08
6.655320000000000e+08
6.655356000000000e+08
6.655392000000000e+08
6.655428000000000e+08
6.655464000000000e+08
6.658848000000000e+08
6.658884000000000e+08
6.658920000000000e+08
6.661512000000000e+08
6.643872000000000e+08
6.643908000000000e+08
6.646464000000000e+08
6.646500000000000e+08
6.646536000000000e+08
6.646572000000000e+08
6.649128000000000e+08
6.649164000000000e+08
6.649200000000000e+08
6.649236000000000e+08
6.649956000000000e+08
6.652620000000000e+08
6.652656000000000e+08
6.652692000000000e+08
6.655284000000000e+08
6.628680000000000e+08
6.628716000000000e+08
6.628752000000000e+08
6.628788000000000e+08
6.628824000000000e+08
6.631344000000000e+08
6.631380000000000e+08
6.631416000000000e+08
6.631452000000000e+08
6.631488000000000e+08
6.634872000000000e+08
6.634908000000000e+08
6.634944000000000e+08
6.634980000000000e+08
6.635016000000000e+08
6.637536000000000e+08
6.637572000000000e+08
6.637608000000000e+08
6.652800000000000e+08
6.655392000000000e+08
6.655428000000000e+08
6.655464000000000e+08
6.658848000000000e+08
6.658884000000000e+08
6.658920000000000e+08
6.658956000000000e+08
6.658992000000000e+08
6.659028000000000e+08
6.661512000000000e+08
6.661548000000000e+08
6.661584000000000e+08
6.661620000000000e+08
6.661656000000000e+08
6.661692000000000e+08
6.665040000000000e+08
6.665076000000000e+08
6.665112000000000e+08
6.665148000000000e+08
6.665184000000000e+08
6.665220000000000e+08
6.667704000000000e+08
6.667740000000000e+08
6.667776000000000e+08
6.667812000000000e+08
6.628680000000000e+08
6.628716000000000e+08
6.628752000000000e+08
6.628788000000000e+08
6.628824000000000e+08
6.631344000000000e+08
6.631380000000000e+08
6.631416000000000e+08
6.631452000000000e+08
6.631488000000000e+08
6.634872000000000e+08
6.634908000000000e+08
6.634944000000000e+08
6.634980000000000e+08
6.635016000000000e+08
6.637536000000000e+08
6.637572000000000e+08
6.637608000000000e+08
6.655392000000000e+08
6.655428000000000e+08
6.655464000000000e+08
6.658848000000000e+08
6.658884000000000e+08
6.658920000000000e+08
6.658956000000000e+08
6.658992000000000e+08
6.659028000000000e+08
6.661512000000000e+08
6.661548000000000e+08
6.661584000000000e+08
6.661620000000000e+08
6.661656000000000e+08
6.661692000000000e+08
6.665040000000000e+08
6.665076000000000e+08
6.665112000000000e+08
6.665148000000000e+08
6.665184000000000e+08
6.665220000000000e+08
6.667704000000000e+08
6.667740000000000e+08
6.667776000000000e+08
6.667812000000000e+08
6.667848000000000e+08
6.628716000000000e+08
6.628752000000000e+08
6.628788000000000e+08
6.628824000000000e+08
6.631344000000000e+08
6.631380000000000e+08
6.631416000000000e+08
6.631452000000000e+08
6.631488000000000e+08
6.634872000000000e+08
6.634908000000000e+08
6.634944000000000e+08
6.634980000000000e+08
6.635016000000000e+08
6.637536000000000e+08
6.637572000000000e+08
6.637608000000000e+08
6.637644000000000e+08
6.641100000000000e+08
6.655428000000000e+08
6.655464000000000e+08
6.658884000000000e+08
6.658920000000000e+08
6.658956000000000e+08
6.658992000000000e+08
6.659028000000000e+08
6.661512000000000e+08
6.661548000000000e+08
6.661584000000000e+08
6.661620000000000e+08
6.661656000000000e+08
6.661692000000000e+08
6.665040000000000e+08
6.665076000000000e+08
6.665112000000000e+08
6.665148000000000e+08
6.665184000000000e+08
6.665220000000000e+08
6.667704000000000e+08
6.667740000000000e+08
6.667776000000000e+08
6.667812000000000e+08
6.667848000000000e+08
