2.691091622577660e-16
-1.691944686055218e-16
-1.427625698421212e-17
-2.008308837771197e-09
-3.600403591058084e-09
-9.848011166241992e-11
2.310769902451883e-13
6.131679005358584e-08
-1.717783656694269e-13
-2.340586111145529e-13
1.263586628859632e-16
3.550777646358935e-07
-1.495754187329793e-06
1.487308618560068e-06
6.902901199202977e-07
-9.868830594874565e-07
1.486830416042414e-06
-1.486161018553528e-06
-1.228263203675894e-06
6.510316647245502e-08
3.609853796702515e-07
1.165754896925157e-07
-4.934069581710624e-07
-3.470891925197815e-07
1.266103246187246e-07
4.923190050487765e-07
2.266703287796295e-07
1.823602449264762e-07
-3.288135620978364e-07
-3.241641382051310e-07
4.921672447498284e-07
-2.803114230183505e-07
-3.169827037633906e-07
4.868921512314214e-07
4.741319988646303e-07
3.050029002732491e-07
2.325675966283867e-07
-4.919548065260913e-07
-4.036370538385515e-07
