6.628176000000000e+08
6.628212000000000e+08
6.628248000000000e+08
6.628284000000000e+08
6.628320000000000e+08
6.628356000000000e+08
6.628392000000000e+08
6.628428000000000e+08
6.628464000000000e+08
6.628500000000000e+08
6.628536000000000e+08
6.628572000000000e+08
6.628608000000000e+08
6.628644000000000e+08
6.628680000000000e+08
6.628716000000000e+08
6.628752000000000e+08
6.628788000000000e+08
6.628824000000000e+08
6.628860000000000e+08
6.628896000000000e+08
6.628932000000000e+08
6.628968000000000e+08
6.629004000000000e+08
6.630984000000000e+08
6.631020000000000e+08
6.631056000000000e+08
6.631092000000000e+08
6.631128000000000e+08
6.631164000000000e+08
6.631200000000000e+08
6.631236000000000e+08
6.631272000000000e+08
6.631308000000000e+08
6.631344000000000e+08
6.631380000000000e+08
6.631416000000000e+08
6.631452000000000e+08
6.631488000000000e+08
6.631524000000000e+08
6.631560000000000e+08
6.631596000000000e+08
6.631632000000000e+08
6.631668000000000e+08
6.631704000000000e+08
6.631740000000000e+08
6.631776000000000e+08
6.631812000000000e+08
6.634224000000000e+08
6.634260000000000e+08
6.634296000000000e+08
6.634332000000000e+08
6.634368000000000e+08
6.634404000000000e+08
6.634440000000000e+08
6.634476000000000e+08
6.634512000000000e+08
6.634548000000000e+08
6.634584000000000e+08
6.634620000000000e+08
6.634656000000000e+08
6.634692000000000e+08
6.634728000000000e+08
6.634764000000000e+08
6.634800000000000e+08
6.634836000000000e+08
6.634872000000000e+08
6.634908000000000e+08
6.634944000000000e+08
6.634980000000000e+08
6.635016000000000e+08
6.635052000000000e+08
6.637032000000000e+08
6.637068000000000e+08
6.637104000000000e+08
6.637140000000000e+08
6.637176000000000e+08
6.637212000000000e+08
6.637248000000000e+08
6.637284000000000e+08
6.637320000000000e+08
6.637356000000000e+08
6.637392000000000e+08
6.637428000000000e+08
6.637464000000000e+08
6.637500000000000e+08
6.637536000000000e+08
6.637572000000000e+08
6.637608000000000e+08
6.637644000000000e+08
6.637680000000000e+08
6.637716000000000e+08
6.637752000000000e+08
6.637788000000000e+08
6.637824000000000e+08
6.637860000000000e+08
6.640272000000000e+08
6.640308000000000e+08
6.640344000000000e+08
6.640380000000000e+08
6.640416000000000e+08
6.640452000000000e+08
6.640488000000000e+08
6.640524000000000e+08
6.640560000000000e+08
6.640596000000000e+08
6.640632000000000e+08
6.640668000000000e+08
6.640704000000000e+08
6.640740000000000e+08
6.640776000000000e+08
6.640812000000000e+08
6.640848000000000e+08
6.640884000000000e+08
6.640920000000000e+08
6.640956000000000e+08
6.640992000000000e+08
6.641028000000000e+08
6.641064000000000e+08
6.641100000000000e+08
6.643080000000000e+08
6.643116000000000e+08
6.643152000000000e+08
6.643188000000000e+08
6.643224000000000e+08
6.643260000000000e+08
6.643296000000000e+08
6.643332000000000e+08
6.643368000000000e+08
6.643404000000000e+08
6.643440000000000e+08
6.643476000000000e+08
6.643512000000000e+08
6.643548000000000e+08
6.643584000000000e+08
6.643620000000000e+08
6.643656000000000e+08
6.643692000000000e+08
6.643728000000000e+08
6.643764000000000e+08
6.643800000000000e+08
6.643836000000000e+08
6.643872000000000e+08
6.643908000000000e+08
6.646320000000000e+08
6.646356000000000e+08
6.646392000000000e+08
6.646428000000000e+08
6.646464000000000e+08
6.646500000000000e+08
6.646536000000000e+08
6.646572000000000e+08
6.646608000000000e+08
6.646644000000000e+08
6.646680000000000e+08
6.646716000000000e+08
6.646752000000000e+08
6.646788000000000e+08
6.646824000000000e+08
6.646860000000000e+08
6.646896000000000e+08
6.646932000000000e+08
6.646968000000000e+08
6.647004000000000e+08
6.647040000000000e+08
6.647076000000000e+08
6.647112000000000e+08
6.647148000000000e+08
6.649128000000000e+08
6.649164000000000e+08
6.649200000000000e+08
6.649236000000000e+08
6.649272000000000e+08
6.649308000000000e+08
6.649344000000000e+08
6.649380000000000e+08
6.649416000000000e+08
6.649452000000000e+08
6.649488000000000e+08
6.649524000000000e+08
6.649560000000000e+08
6.649596000000000e+08
6.649632000000000e+08
6.649668000000000e+08
6.649704000000000e+08
6.649740000000000e+08
6.649776000000000e+08
6.649812000000000e+08
6.649848000000000e+08
6.649884000000000e+08
6.649920000000000e+08
6.649956000000000e+08
6.652368000000000e+08
6.652404000000000e+08
6.652440000000000e+08
6.652476000000000e+08
6.652512000000000e+08
6.652548000000000e+08
6.652584000000000e+08
6.652620000000000e+08
6.652656000000000e+08
6.652692000000000e+08
6.652728000000000e+08
6.652764000000000e+08
6.652800000000000e+08
6.652836000000000e+08
6.652872000000000e+08
6.652908000000000e+08
6.652944000000000e+08
6.652980000000000e+08
6.653016000000000e+08
6.653052000000000e+08
6.653088000000000e+08
6.653124000000000e+08
6.653160000000000e+08
6.653196000000000e+08
6.655176000000000e+08
6.655212000000000e+08
6.655248000000000e+08
6.655284000000000e+08
6.655320000000000e+08
6.655356000000000e+08
6.655392000000000e+08
6.655428000000000e+08
6.655464000000000e+08
6.655500000000000e+08
6.655536000000000e+08
6.655572000000000e+08
6.655608000000000e+08
6.655644000000000e+08
6.655680000000000e+08
6.655716000000000e+08
6.655752000000000e+08
6.655788000000000e+08
6.655824000000000e+08
6.655860000000000e+08
6.655896000000000e+08
6.655932000000000e+08
6.655968000000000e+08
6.656004000000000e+08
6.628176000000000e+08
6.628212000000000e+08
6.628248000000000e+08
6.628284000000000e+08
6.628320000000000e+08
6.628356000000000e+08
6.628392000000000e+08
6.628428000000000e+08
6.628464000000000e+08
6.628500000000000e+08
6.628536000000000e+08
6.628572000000000e+08
6.628608000000000e+08
6.628644000000000e+08
6.628680000000000e+08
6.628716000000000e+08
6.628752000000000e+08
6.628788000000000e+08
6.628824000000000e+08
6.628860000000000e+08
6.628896000000000e+08
6.628932000000000e+08
6.628968000000000e+08
6.629004000000000e+08
6.630984000000000e+08
6.631020000000000e+08
6.631056000000000e+08
6.631092000000000e+08
6.631128000000000e+08
6.631164000000000e+08
6.631200000000000e+08
6.631236000000000e+08
6.631272000000000e+08
6.631308000000000e+08
6.631344000000000e+08
6.631380000000000e+08
6.631416000000000e+08
6.631452000000000e+08
6.631488000000000e+08
6.631524000000000e+08
6.631560000000000e+08
6.631596000000000e+08
6.631632000000000e+08
6.631668000000000e+08
6.631704000000000e+08
6.631740000000000e+08
6.631776000000000e+08
6.631812000000000e+08
6.634224000000000e+08
6.634260000000000e+08
6.634296000000000e+08
6.634332000000000e+08
6.634368000000000e+08
6.634404000000000e+08
6.634440000000000e+08
6.634476000000000e+08
6.634512000000000e+08
6.634548000000000e+08
6.634584000000000e+08
6.634620000000000e+08
6.634656000000000e+08
6.634692000000000e+08
6.634728000000000e+08
6.634764000000000e+08
6.634800000000000e+08
6.634836000000000e+08
6.634872000000000e+08
6.634908000000000e+08
6.634944000000000e+08
6.634980000000000e+08
6.635016000000000e+08
6.635052000000000e+08
6.637032000000000e+08
6.637068000000000e+08
6.637104000000000e+08
6.637140000000000e+08
6.637176000000000e+08
6.637212000000000e+08
6.637248000000000e+08
6.637284000000000e+08
6.637320000000000e+08
6.637356000000000e+08
6.637392000000000e+08
6.637428000000000e+08
6.637464000000000e+08
6.637500000000000e+08
6.637536000000000e+08
6.637572000000000e+08
6.637608000000000e+08
6.637644000000000e+08
6.637680000000000e+08
6.637716000000000e+08
6.637752000000000e+08
6.637788000000000e+08
6.637824000000000e+08
6.637860000000000e+08
6.640272000000000e+08
6.640308000000000e+08
6.640344000000000e+08
6.640380000000000e+08
6.640416000000000e+08
6.640452000000000e+08
6.640488000000000e+08
6.640524000000000e+08
6.640560000000000e+08
6.640596000000000e+08
6.640632000000000e+08
6.640668000000000e+08
6.640704000000000e+08
6.640740000000000e+08
6.640776000000000e+08
6.640812000000000e+08
6.640848000000000e+08
6.640884000000000e+08
6.640920000000000e+08
6.640956000000000e+08
6.640992000000000e+08
6.641028000000000e+08
6.641064000000000e+08
6.641100000000000e+08
6.643080000000000e+08
6.643116000000000e+08
6.643152000000000e+08
6.643188000000000e+08
6.643224000000000e+08
6.643260000000000e+08
6.643296000000000e+08
6.643332000000000e+08
6.643368000000000e+08
6.643404000000000e+08
6.643440000000000e+08
6.643476000000000e+08
6.643512000000000e+08
6.643548000000000e+08
6.643584000000000e+08
6.643620000000000e+08
6.643656000000000e+08
6.643692000000000e+08
6.643728000000000e+08
6.643764000000000e+08
6.643800000000000e+08
6.643836000000000e+08
6.643872000000000e+08
6.643908000000000e+08
6.646320000000000e+08
6.646356000000000e+08
6.646392000000000e+08
6.646428000000000e+08
6.646464000000000e+08
6.646500000000000e+08
6.646536000000000e+08
6.646572000000000e+08
6.646608000000000e+08
6.646644000000000e+08
6.646680000000000e+08
6.646716000000000e+08
6.646752000000000e+08
6.646788000000000e+08
6.646824000000000e+08
6.646860000000000e+08
6.646896000000000e+08
6.646932000000000e+08
6.646968000000000e+08
6.647004000000000e+08
6.647040000000000e+08
6.647076000000000e+08
6.647112000000000e+08
6.647148000000000e+08
6.649128000000000e+08
6.649164000000000e+08
6.649200000000000e+08
6.649236000000000e+08
6.649272000000000e+08
6.649308000000000e+08
6.649344000000000e+08
6.649380000000000e+08
6.649416000000000e+08
6.649452000000000e+08
6.649488000000000e+08
6.649524000000000e+08
6.649560000000000e+08
6.649596000000000e+08
6.649632000000000e+08
6.649668000000000e+08
6.649704000000000e+08
6.649740000000000e+08
6.649776000000000e+08
6.649812000000000e+08
6.649848000000000e+08
6.649884000000000e+08
6.649920000000000e+08
6.649956000000000e+08
6.652368000000000e+08
6.652404000000000e+08
6.652440000000000e+08
6.652476000000000e+08
6.652512000000000e+08
6.652548000000000e+08
6.652584000000000e+08
6.652620000000000e+08
6.652656000000000e+08
6.652692000000000e+08
6.652728000000000e+08
6.652764000000000e+08
6.652800000000000e+08
6.652836000000000e+08
6.652872000000000e+08
6.652908000000000e+08
6.652944000000000e+08
6.652980000000000e+08
6.653016000000000e+08
6.653052000000000e+08
6.653088000000000e+08
6.653124000000000e+08
6.653160000000000e+08
6.653196000000000e+08
6.655176000000000e+08
6.655212000000000e+08
6.655248000000000e+08
6.655284000000000e+08
6.655320000000000e+08
6.655356000000000e+08
6.655392000000000e+08
6.655428000000000e+08
6.655464000000000e+08
6.655500000000000e+08
6.655536000000000e+08
6.655572000000000e+08
6.655608000000000e+08
6.655644000000000e+08
6.655680000000000e+08
6.655716000000000e+08
6.655752000000000e+08
6.655788000000000e+08
6.655824000000000e+08
6.655860000000000e+08
6.655896000000000e+08
6.655932000000000e+08
6.655968000000000e+08
6.656004000000000e+08
6.628176000000000e+08
6.628212000000000e+08
6.628248000000000e+08
6.628284000000000e+08
6.628320000000000e+08
6.628356000000000e+08
6.628392000000000e+08
6.628428000000000e+08
6.628464000000000e+08
6.628500000000000e+08
6.628536000000000e+08
6.628572000000000e+08
6.628608000000000e+08
6.628644000000000e+08
6.628680000000000e+08
6.628716000000000e+08
6.628752000000000e+08
6.628788000000000e+08
6.628824000000000e+08
6.628860000000000e+08
6.628896000000000e+08
6.628932000000000e+08
6.628968000000000e+08
6.629004000000000e+08
6.630984000000000e+08
6.631020000000000e+08
6.631056000000000e+08
6.631092000000000e+08
6.631128000000000e+08
6.631164000000000e+08
6.631200000000000e+08
6.631236000000000e+08
6.631272000000000e+08
6.631308000000000e+08
6.631344000000000e+08
6.631380000000000e+08
6.631416000000000e+08
6.631452000000000e+08
6.631488000000000e+08
6.631524000000000e+08
6.631560000000000e+08
6.631596000000000e+08
6.631632000000000e+08
6.631668000000000e+08
6.631704000000000e+08
6.631740000000000e+08
6.631776000000000e+08
6.631812000000000e+08
6.634224000000000e+08
6.634260000000000e+08
6.634296000000000e+08
6.634332000000000e+08
6.634368000000000e+08
6.634404000000000e+08
6.634440000000000e+08
6.634476000000000e+08
6.634512000000000e+08
6.634548000000000e+08
6.634584000000000e+08
6.634620000000000e+08
6.634656000000000e+08
6.634692000000000e+08
6.634728000000000e+08
6.634764000000000e+08
6.634800000000000e+08
6.634836000000000e+08
6.634872000000000e+08
6.634908000000000e+08
6.634944000000000e+08
6.634980000000000e+08
6.635016000000000e+08
6.635052000000000e+08
6.637032000000000e+08
6.637068000000000e+08
6.637104000000000e+08
6.637140000000000e+08
6.637176000000000e+08
6.637212000000000e+08
6.637248000000000e+08
6.637284000000000e+08
6.637320000000000e+08
6.637356000000000e+08
6.637392000000000e+08
6.637428000000000e+08
6.637464000000000e+08
6.637500000000000e+08
6.637536000000000e+08
6.637572000000000e+08
6.637608000000000e+08
6.637644000000000e+08
6.637680000000000e+08
6.637716000000000e+08
6.637752000000000e+08
6.637788000000000e+08
6.637824000000000e+08
6.637860000000000e+08
6.640272000000000e+08
6.640308000000000e+08
6.640344000000000e+08
6.640380000000000e+08
6.640416000000000e+08
6.640452000000000e+08
6.640488000000000e+08
6.640524000000000e+08
6.640560000000000e+08
6.640596000000000e+08
6.640632000000000e+08
6.640668000000000e+08
6.640704000000000e+08
6.640740000000000e+08
6.640776000000000e+08
6.640812000000000e+08
6.640848000000000e+08
6.640884000000000e+08
6.640920000000000e+08
6.640956000000000e+08
6.640992000000000e+08
6.641028000000000e+08
6.641064000000000e+08
6.641100000000000e+08
6.643080000000000e+08
6.643116000000000e+08
6.643152000000000e+08
6.643188000000000e+08
6.643224000000000e+08
6.643260000000000e+08
6.643296000000000e+08
6.643332000000000e+08
6.643368000000000e+08
6.643404000000000e+08
6.643440000000000e+08
6.643476000000000e+08
6.643512000000000e+08
6.643548000000000e+08
6.643584000000000e+08
6.643620000000000e+08
6.643656000000000e+08
6.643692000000000e+08
6.643728000000000e+08
6.643764000000000e+08
6.643800000000000e+08
6.643836000000000e+08
6.643872000000000e+08
6.643908000000000e+08
6.646320000000000e+08
6.646356000000000e+08
6.646392000000000e+08
6.646428000000000e+08
6.646464000000000e+08
6.646500000000000e+08
6.646536000000000e+08
6.646572000000000e+08
6.646608000000000e+08
6.646644000000000e+08
6.646680000000000e+08
6.646716000000000e+08
6.646752000000000e+08
6.646788000000000e+08
6.646824000000000e+08
6.646860000000000e+08
6.646896000000000e+08
6.646932000000000e+08
6.646968000000000e+08
6.647004000000000e+08
6.647040000000000e+08
6.647076000000000e+08
6.647112000000000e+08
6.647148000000000e+08
6.649128000000000e+08
6.649164000000000e+08
6.649200000000000e+08
6.649236000000000e+08
6.649272000000000e+08
6.649308000000000e+08
6.649344000000000e+08
6.649380000000000e+08
6.649416000000000e+08
6.649452000000000e+08
6.649488000000000e+08
6.649524000000000e+08
6.649560000000000e+08
6.649596000000000e+08
6.649632000000000e+08
6.649668000000000e+08
6.649704000000000e+08
6.649740000000000e+08
6.649776000000000e+08
6.649812000000000e+08
6.649848000000000e+08
6.649884000000000e+08
6.649920000000000e+08
6.649956000000000e+08
6.652368000000000e+08
6.652404000000000e+08
6.652440000000000e+08
6.652476000000000e+08
6.652512000000000e+08
6.652548000000000e+08
6.652584000000000e+08
6.652620000000000e+08
6.652656000000000e+08
6.652692000000000e+08
6.652728000000000e+08
6.652764000000000e+08
6.652800000000000e+08
6.652836000000000e+08
6.652872000000000e+08
6.652908000000000e+08
6.652944000000000e+08
6.652980000000000e+08
6.653016000000000e+08
6.653052000000000e+08
6.653088000000000e+08
6.653124000000000e+08
6.653160000000000e+08
6.653196000000000e+08
6.655176000000000e+08
6.655212000000000e+08
6.655248000000000e+08
6.655284000000000e+08
6.655320000000000e+08
6.655356000000000e+08
6.655392000000000e+08
6.655428000000000e+08
6.655464000000000e+08
6.655500000000000e+08
6.655536000000000e+08
6.655572000000000e+08
6.655608000000000e+08
6.655644000000000e+08
6.655680000000000e+08
6.655716000000000e+08
6.655752000000000e+08
6.655788000000000e+08
6.655824000000000e+08
6.655860000000000e+08
6.655896000000000e+08
6.655932000000000e+08
6.655968000000000e+08
6.656004000000000e+08
6.628176000000000e+08
6.628212000000000e+08
6.628248000000000e+08
6.628284000000000e+08
6.628320000000000e+08
6.628356000000000e+08
6.628392000000000e+08
6.628428000000000e+08
6.628464000000000e+08
6.628500000000000e+08
6.628536000000000e+08
6.628572000000000e+08
6.628608000000000e+08
6.628644000000000e+08
6.628680000000000e+08
6.628716000000000e+08
6.628752000000000e+08
6.628788000000000e+08
6.628824000000000e+08
6.628860000000000e+08
6.628896000000000e+08
6.628932000000000e+08
6.628968000000000e+08
6.629004000000000e+08
6.630984000000000e+08
6.631020000000000e+08
6.631056000000000e+08
6.631092000000000e+08
6.631128000000000e+08
6.631164000000000e+08
6.631200000000000e+08
6.631236000000000e+08
6.631272000000000e+08
6.631308000000000e+08
6.631344000000000e+08
6.631380000000000e+08
6.631416000000000e+08
6.631452000000000e+08
6.631488000000000e+08
6.631524000000000e+08
6.631560000000000e+08
6.631596000000000e+08
6.631632000000000e+08
6.631668000000000e+08
6.631704000000000e+08
6.631740000000000e+08
6.631776000000000e+08
6.631812000000000e+08
6.634224000000000e+08
6.634260000000000e+08
6.634296000000000e+08
6.634332000000000e+08
6.634368000000000e+08
6.634404000000000e+08
6.634440000000000e+08
6.634476000000000e+08
6.634512000000000e+08
6.634548000000000e+08
6.634584000000000e+08
6.634620000000000e+08
6.634656000000000e+08
6.634692000000000e+08
6.634728000000000e+08
6.634764000000000e+08
6.634800000000000e+08
6.634836000000000e+08
6.634872000000000e+08
6.634908000000000e+08
6.634944000000000e+08
6.634980000000000e+08
6.635016000000000e+08
6.635052000000000e+08
6.637032000000000e+08
6.637068000000000e+08
6.637104000000000e+08
6.637140000000000e+08
6.637176000000000e+08
6.637212000000000e+08
6.637248000000000e+08
6.637284000000000e+08
6.637320000000000e+08
6.637356000000000e+08
6.637392000000000e+08
6.637428000000000e+08
6.637464000000000e+08
6.637500000000000e+08
6.637536000000000e+08
6.637572000000000e+08
6.637608000000000e+08
6.637644000000000e+08
6.637680000000000e+08
6.637716000000000e+08
6.637752000000000e+08
6.637788000000000e+08
6.637824000000000e+08
6.637860000000000e+08
6.640272000000000e+08
6.640308000000000e+08
6.640344000000000e+08
6.640380000000000e+08
6.640416000000000e+08
6.640452000000000e+08
6.640488000000000e+08
6.640524000000000e+08
6.640560000000000e+08
6.640596000000000e+08
6.640632000000000e+08
6.640668000000000e+08
6.640704000000000e+08
6.640740000000000e+08
6.640776000000000e+08
6.640812000000000e+08
6.640848000000000e+08
6.640884000000000e+08
6.640920000000000e+08
6.640956000000000e+08
6.640992000000000e+08
6.641028000000000e+08
6.641064000000000e+08
6.641100000000000e+08
6.643080000000000e+08
6.643116000000000e+08
6.643152000000000e+08
6.643188000000000e+08
6.643224000000000e+08
6.643260000000000e+08
6.643296000000000e+08
6.643332000000000e+08
6.643368000000000e+08
6.643404000000000e+08
6.643440000000000e+08
6.643476000000000e+08
6.643512000000000e+08
6.643548000000000e+08
6.643584000000000e+08
6.643620000000000e+08
6.643656000000000e+08
6.643692000000000e+08
6.643728000000000e+08
6.643764000000000e+08
6.643800000000000e+08
6.643836000000000e+08
6.643872000000000e+08
6.643908000000000e+08
6.646320000000000e+08
6.646356000000000e+08
6.646392000000000e+08
6.646428000000000e+08
6.646464000000000e+08
6.646500000000000e+08
6.646536000000000e+08
6.646572000000000e+08
6.646608000000000e+08
6.646644000000000e+08
6.646680000000000e+08
6.646716000000000e+08
6.646752000000000e+08
6.646788000000000e+08
6.646824000000000e+08
6.646860000000000e+08
6.646896000000000e+08
6.646932000000000e+08
6.646968000000000e+08
6.647004000000000e+08
6.647040000000000e+08
6.647076000000000e+08
6.647112000000000e+08
6.647148000000000e+08
6.649128000000000e+08
6.649164000000000e+08
6.649200000000000e+08
6.649236000000000e+08
6.649272000000000e+08
6.649308000000000e+08
6.649344000000000e+08
6.649380000000000e+08
6.649416000000000e+08
6.649452000000000e+08
6.649488000000000e+08
6.649524000000000e+08
6.649560000000000e+08
6.649596000000000e+08
6.649632000000000e+08
6.649668000000000e+08
6.649704000000000e+08
6.649740000000000e+08
6.649776000000000e+08
6.649812000000000e+08
6.649848000000000e+08
6.649884000000000e+08
6.649920000000000e+08
6.649956000000000e+08
6.652368000000000e+08
6.652404000000000e+08
6.652440000000000e+08
6.652476000000000e+08
6.652512000000000e+08
6.652548000000000e+08
6.652584000000000e+08
6.652620000000000e+08
6.652656000000000e+08
6.652692000000000e+08
6.652728000000000e+08
6.652764000000000e+08
6.652800000000000e+08
6.652836000000000e+08
6.652872000000000e+08
6.652908000000000e+08
6.652944000000000e+08
6.652980000000000e+08
6.653016000000000e+08
6.653052000000000e+08
6.653088000000000e+08
6.653124000000000e+08
6.653160000000000e+08
6.653196000000000e+08
6.655176000000000e+08
6.655212000000000e+08
6.655248000000000e+08
6.655284000000000e+08
6.655320000000000e+08
6.655356000000000e+08
6.655392000000000e+08
6.655428000000000e+08
6.655464000000000e+08
6.655500000000000e+08
6.655536000000000e+08
6.655572000000000e+08
6.655608000000000e+08
6.655644000000000e+08
6.655680000000000e+08
6.655716000000000e+08
6.655752000000000e+08
6.655788000000000e+08
6.655824000000000e+08
6.655860000000000e+08
6.655896000000000e+08
6.655932000000000e+08
6.655968000000000e+08
6.656004000000000e+08
6.628176000000000e+08
6.628212000000000e+08
6.628248000000000e+08
6.628284000000000e+08
6.628320000000000e+08
6.628356000000000e+08
6.628392000000000e+08
6.628428000000000e+08
6.628464000000000e+08
6.628500000000000e+08
6.628536000000000e+08
6.628572000000000e+08
6.628608000000000e+08
6.628644000000000e+08
6.628680000000000e+08
6.628716000000000e+08
6.628752000000000e+08
6.628788000000000e+08
6.628824000000000e+08
6.628860000000000e+08
6.628896000000000e+08
6.628932000000000e+08
6.628968000000000e+08
6.629004000000000e+08
6.630984000000000e+08
6.631020000000000e+08
6.631056000000000e+08
6.631092000000000e+08
6.631128000000000e+08
6.631164000000000e+08
6.631200000000000e+08
6.631236000000000e+08
6.631272000000000e+08
6.631308000000000e+08
6.631344000000000e+08
6.631380000000000e+08
6.631416000000000e+08
6.631452000000000e+08
6.631488000000000e+08
6.631524000000000e+08
6.631560000000000e+08
6.631596000000000e+08
6.631632000000000e+08
6.631668000000000e+08
6.631704000000000e+08
6.631740000000000e+08
6.631776000000000e+08
6.631812000000000e+08
6.634224000000000e+08
6.634260000000000e+08
6.634296000000000e+08
6.634332000000000e+08
6.634368000000000e+08
6.634404000000000e+08
6.634440000000000e+08
6.634476000000000e+08
6.634512000000000e+08
6.634548000000000e+08
6.634584000000000e+08
6.634620000000000e+08
6.634656000000000e+08
6.634692000000000e+08
6.634728000000000e+08
6.634764000000000e+08
6.634800000000000e+08
6.634836000000000e+08
6.634872000000000e+08
6.634908000000000e+08
6.634944000000000e+08
6.634980000000000e+08
6.635016000000000e+08
6.635052000000000e+08
6.637032000000000e+08
6.637068000000000e+08
6.637104000000000e+08
6.637140000000000e+08
6.637176000000000e+08
6.637212000000000e+08
6.637248000000000e+08
6.637284000000000e+08
6.637320000000000e+08
6.637356000000000e+08
6.637392000000000e+08
6.637428000000000e+08
6.637464000000000e+08
6.637500000000000e+08
6.637536000000000e+08
6.637572000000000e+08
6.637608000000000e+08
6.637644000000000e+08
6.637680000000000e+08
6.637716000000000e+08
6.637752000000000e+08
6.637788000000000e+08
6.637824000000000e+08
6.637860000000000e+08
6.640272000000000e+08
6.640308000000000e+08
6.640344000000000e+08
6.640380000000000e+08
6.640416000000000e+08
6.640452000000000e+08
6.640488000000000e+08
6.640524000000000e+08
6.640560000000000e+08
6.640596000000000e+08
6.640632000000000e+08
6.640668000000000e+08
6.640704000000000e+08
6.640740000000000e+08
6.640776000000000e+08
6.640812000000000e+08
6.640848000000000e+08
6.640884000000000e+08
6.640920000000000e+08
6.640956000000000e+08
6.640992000000000e+08
6.641028000000000e+08
6.641064000000000e+08
6.641100000000000e+08
6.643080000000000e+08
6.643116000000000e+08
6.643152000000000e+08
6.643188000000000e+08
6.643224000000000e+08
6.643260000000000e+08
6.643296000000000e+08
6.643332000000000e+08
6.643368000000000e+08
6.643404000000000e+08
6.643440000000000e+08
6.643476000000000e+08
6.643512000000000e+08
6.643548000000000e+08
6.643584000000000e+08
6.643620000000000e+08
6.643656000000000e+08
6.643692000000000e+08
6.643728000000000e+08
6.643764000000000e+08
6.643800000000000e+08
6.643836000000000e+08
6.643872000000000e+08
6.643908000000000e+08
6.646320000000000e+08
6.646356000000000e+08
6.646392000000000e+08
6.646428000000000e+08
6.646464000000000e+08
6.646500000000000e+08
6.646536000000000e+08
6.646572000000000e+08
6.646608000000000e+08
6.646644000000000e+08
6.646680000000000e+08
6.646716000000000e+08
6.646752000000000e+08
6.646788000000000e+08
6.646824000000000e+08
6.646860000000000e+08
6.646896000000000e+08
6.646932000000000e+08
6.646968000000000e+08
6.647004000000000e+08
6.647040000000000e+08
6.647076000000000e+08
6.647112000000000e+08
6.647148000000000e+08
6.649128000000000e+08
6.649164000000000e+08
6.649200000000000e+08
6.649236000000000e+08
6.649272000000000e+08
6.649308000000000e+08
6.649344000000000e+08
6.649380000000000e+08
6.649416000000000e+08
6.649452000000000e+08
6.649488000000000e+08
6.649524000000000e+08
6.649560000000000e+08
6.649596000000000e+08
6.649632000000000e+08
6.649668000000000e+08
6.649704000000000e+08
6.649740000000000e+08
6.649776000000000e+08
6.649812000000000e+08
6.649848000000000e+08
6.649884000000000e+08
6.649920000000000e+08
6.649956000000000e+08
6.652368000000000e+08
6.652404000000000e+08
6.652440000000000e+08
6.652476000000000e+08
6.652512000000000e+08
6.652548000000000e+08
6.652584000000000e+08
6.652620000000000e+08
6.652656000000000e+08
6.652692000000000e+08
6.652728000000000e+08
6.652764000000000e+08
6.652800000000000e+08
6.652836000000000e+08
6.652872000000000e+08
6.652908000000000e+08
6.652944000000000e+08
6.652980000000000e+08
6.653016000000000e+08
6.653052000000000e+08
6.653088000000000e+08
6.653124000000000e+08
6.653160000000000e+08
6.653196000000000e+08
6.655176000000000e+08
6.655212000000000e+08
6.655248000000000e+08
6.655284000000000e+08
6.655320000000000e+08
6.655356000000000e+08
6.655392000000000e+08
6.655428000000000e+08
6.655464000000000e+08
6.655500000000000e+08
6.655536000000000e+08
6.655572000000000e+08
6.655608000000000e+08
6.655644000000000e+08
6.655680000000000e+08
6.655716000000000e+08
6.655752000000000e+08
6.655788000000000e+08
6.655824000000000e+08
6.655860000000000e+08
6.655896000000000e+08
6.655932000000000e+08
6.655968000000000e+08
6.656004000000000e+08
6.628176000000000e+08
6.628212000000000e+08
6.628248000000000e+08
6.628284000000000e+08
6.628320000000000e+08
6.628356000000000e+08
6.628392000000000e+08
6.628428000000000e+08
6.628464000000000e+08
6.628500000000000e+08
6.628536000000000e+08
6.628572000000000e+08
6.628608000000000e+08
6.628644000000000e+08
6.628680000000000e+08
6.628716000000000e+08
6.628752000000000e+08
6.628788000000000e+08
6.628824000000000e+08
6.628860000000000e+08
6.628896000000000e+08
6.628932000000000e+08
6.628968000000000e+08
6.629004000000000e+08
6.630984000000000e+08
6.631020000000000e+08
6.631056000000000e+08
6.631092000000000e+08
6.631128000000000e+08
6.631164000000000e+08
6.631200000000000e+08
6.631236000000000e+08
6.631272000000000e+08
6.631308000000000e+08
6.631344000000000e+08
6.631380000000000e+08
6.631416000000000e+08
6.631452000000000e+08
6.631488000000000e+08
6.631524000000000e+08
6.631560000000000e+08
6.631596000000000e+08
6.631632000000000e+08
6.631668000000000e+08
6.631704000000000e+08
6.631740000000000e+08
6.631776000000000e+08
6.631812000000000e+08
6.634224000000000e+08
6.634260000000000e+08
6.634296000000000e+08
6.634332000000000e+08
6.634368000000000e+08
6.634404000000000e+08
6.634440000000000e+08
6.634476000000000e+08
6.634512000000000e+08
6.634548000000000e+08
6.634584000000000e+08
6.634620000000000e+08
6.634656000000000e+08
6.634692000000000e+08
6.634728000000000e+08
6.634764000000000e+08
6.634800000000000e+08
6.634836000000000e+08
6.634872000000000e+08
6.634908000000000e+08
6.634944000000000e+08
6.634980000000000e+08
6.635016000000000e+08
6.635052000000000e+08
6.637032000000000e+08
6.637068000000000e+08
6.637104000000000e+08
6.637140000000000e+08
6.637176000000000e+08
6.637212000000000e+08
6.637248000000000e+08
6.637284000000000e+08
6.637320000000000e+08
6.637356000000000e+08
6.637392000000000e+08
6.637428000000000e+08
6.637464000000000e+08
6.637500000000000e+08
6.637536000000000e+08
6.637572000000000e+08
6.637608000000000e+08
6.637644000000000e+08
6.637680000000000e+08
6.637716000000000e+08
6.637752000000000e+08
6.637788000000000e+08
6.637824000000000e+08
6.637860000000000e+08
6.640272000000000e+08
6.640308000000000e+08
6.640344000000000e+08
6.640380000000000e+08
6.640416000000000e+08
6.640452000000000e+08
6.640488000000000e+08
6.640524000000000e+08
6.640560000000000e+08
6.640596000000000e+08
6.640632000000000e+08
6.640668000000000e+08
6.640704000000000e+08
6.640740000000000e+08
6.640776000000000e+08
6.640812000000000e+08
6.640848000000000e+08
6.640884000000000e+08
6.640920000000000e+08
6.640956000000000e+08
6.640992000000000e+08
6.641028000000000e+08
6.641064000000000e+08
6.641100000000000e+08
6.643080000000000e+08
6.643116000000000e+08
6.643152000000000e+08
6.643188000000000e+08
6.643224000000000e+08
6.643260000000000e+08
6.643296000000000e+08
6.643332000000000e+08
6.643368000000000e+08
6.643404000000000e+08
6.643440000000000e+08
6.643476000000000e+08
6.643512000000000e+08
6.643548000000000e+08
6.643584000000000e+08
6.643620000000000e+08
6.643656000000000e+08
6.643692000000000e+08
6.643728000000000e+08
6.643764000000000e+08
6.643800000000000e+08
6.643836000000000e+08
6.643872000000000e+08
6.643908000000000e+08
6.646320000000000e+08
6.646356000000000e+08
6.646392000000000e+08
6.646428000000000e+08
6.646464000000000e+08
6.646500000000000e+08
6.646536000000000e+08
6.646572000000000e+08
6.646608000000000e+08
6.646644000000000e+08
6.646680000000000e+08
6.646716000000000e+08
6.646752000000000e+08
6.646788000000000e+08
6.646824000000000e+08
6.646860000000000e+08
6.646896000000000e+08
6.646932000000000e+08
6.646968000000000e+08
6.647004000000000e+08
6.647040000000000e+08
6.647076000000000e+08
6.647112000000000e+08
6.647148000000000e+08
6.649128000000000e+08
6.649164000000000e+08
6.649200000000000e+08
6.649236000000000e+08
6.649272000000000e+08
6.649308000000000e+08
6.649344000000000e+08
6.649380000000000e+08
6.649416000000000e+08
6.649452000000000e+08
6.649488000000000e+08
6.649524000000000e+08
6.649560000000000e+08
6.649596000000000e+08
6.649632000000000e+08
6.649668000000000e+08
6.649704000000000e+08
6.649740000000000e+08
6.649776000000000e+08
6.649812000000000e+08
6.649848000000000e+08
6.649884000000000e+08
6.649920000000000e+08
6.649956000000000e+08
6.652368000000000e+08
6.652404000000000e+08
6.652440000000000e+08
6.652476000000000e+08
6.652512000000000e+08
6.652548000000000e+08
6.652584000000000e+08
6.652620000000000e+08
6.652656000000000e+08
6.652692000000000e+08
6.652728000000000e+08
6.652764000000000e+08
6.652800000000000e+08
6.652836000000000e+08
6.652872000000000e+08
6.652908000000000e+08
6.652944000000000e+08
6.652980000000000e+08
6.653016000000000e+08
6.653052000000000e+08
6.653088000000000e+08
6.653124000000000e+08
6.653160000000000e+08
6.653196000000000e+08
6.655176000000000e+08
6.655212000000000e+08
6.655248000000000e+08
6.655284000000000e+08
6.655320000000000e+08
6.655356000000000e+08
6.655392000000000e+08
6.655428000000000e+08
6.655464000000000e+08
6.655500000000000e+08
6.655536000000000e+08
6.655572000000000e+08
6.655608000000000e+08
6.655644000000000e+08
6.655680000000000e+08
6.655716000000000e+08
6.655752000000000e+08
6.655788000000000e+08
6.655824000000000e+08
6.655860000000000e+08
6.655896000000000e+08
6.655932000000000e+08
6.655968000000000e+08
6.656004000000000e+08
6.628176000000000e+08
6.628212000000000e+08
6.628248000000000e+08
6.628284000000000e+08
6.628320000000000e+08
6.628356000000000e+08
6.628392000000000e+08
6.628428000000000e+08
6.628464000000000e+08
6.628500000000000e+08
6.628536000000000e+08
6.628572000000000e+08
6.628608000000000e+08
6.628644000000000e+08
6.628680000000000e+08
6.628716000000000e+08
6.628752000000000e+08
6.628788000000000e+08
6.628824000000000e+08
6.628860000000000e+08
6.628896000000000e+08
6.628932000000000e+08
6.628968000000000e+08
6.629004000000000e+08
6.630984000000000e+08
6.631020000000000e+08
6.631056000000000e+08
6.631092000000000e+08
6.631128000000000e+08
6.631164000000000e+08
6.631200000000000e+08
6.631236000000000e+08
6.631272000000000e+08
6.631308000000000e+08
6.631344000000000e+08
6.631380000000000e+08
6.631416000000000e+08
6.631452000000000e+08
6.631488000000000e+08
6.631524000000000e+08
6.631560000000000e+08
6.631596000000000e+08
6.631632000000000e+08
6.631668000000000e+08
6.631704000000000e+08
6.631740000000000e+08
6.631776000000000e+08
6.631812000000000e+08
6.634224000000000e+08
6.634260000000000e+08
6.634296000000000e+08
6.634332000000000e+08
6.634368000000000e+08
6.634404000000000e+08
6.634440000000000e+08
6.634476000000000e+08
6.634512000000000e+08
6.634548000000000e+08
6.634584000000000e+08
6.634620000000000e+08
6.634656000000000e+08
6.634692000000000e+08
6.634728000000000e+08
6.634764000000000e+08
6.634800000000000e+08
6.634836000000000e+08
6.634872000000000e+08
6.634908000000000e+08
6.634944000000000e+08
6.634980000000000e+08
6.635016000000000e+08
6.635052000000000e+08
6.637032000000000e+08
6.637068000000000e+08
6.637104000000000e+08
6.637140000000000e+08
6.637176000000000e+08
6.637212000000000e+08
6.637248000000000e+08
6.637284000000000e+08
6.637320000000000e+08
6.637356000000000e+08
6.637392000000000e+08
6.637428000000000e+08
6.637464000000000e+08
6.637500000000000e+08
6.637536000000000e+08
6.637572000000000e+08
6.637608000000000e+08
6.637644000000000e+08
6.637680000000000e+08
6.637716000000000e+08
6.637752000000000e+08
6.637788000000000e+08
6.637824000000000e+08
6.637860000000000e+08
6.640272000000000e+08
6.640308000000000e+08
6.640344000000000e+08
6.640380000000000e+08
6.640416000000000e+08
6.640452000000000e+08
6.640488000000000e+08
6.640524000000000e+08
6.640560000000000e+08
6.640596000000000e+08
6.640632000000000e+08
6.640668000000000e+08
6.640704000000000e+08
6.640740000000000e+08
6.640776000000000e+08
6.640812000000000e+08
6.640848000000000e+08
6.640884000000000e+08
6.640920000000000e+08
6.640956000000000e+08
6.640992000000000e+08
6.641028000000000e+08
6.641064000000000e+08
6.641100000000000e+08
6.643080000000000e+08
6.643116000000000e+08
6.643152000000000e+08
6.643188000000000e+08
6.643224000000000e+08
6.643260000000000e+08
6.643296000000000e+08
6.643332000000000e+08
6.643368000000000e+08
6.643404000000000e+08
6.643440000000000e+08
6.643476000000000e+08
6.643512000000000e+08
6.643548000000000e+08
6.643584000000000e+08
6.643620000000000e+08
6.643656000000000e+08
6.643692000000000e+08
6.643728000000000e+08
6.643764000000000e+08
6.643800000000000e+08
6.643836000000000e+08
6.643872000000000e+08
6.643908000000000e+08
6.646320000000000e+08
6.646356000000000e+08
6.646392000000000e+08
6.646428000000000e+08
6.646464000000000e+08
6.646500000000000e+08
6.646536000000000e+08
6.646572000000000e+08
6.646608000000000e+08
6.646644000000000e+08
6.646680000000000e+08
6.646716000000000e+08
6.646752000000000e+08
6.646788000000000e+08
6.646824000000000e+08
6.646860000000000e+08
6.646896000000000e+08
6.646932000000000e+08
6.646968000000000e+08
6.647004000000000e+08
6.647040000000000e+08
6.647076000000000e+08
6.647112000000000e+08
6.647148000000000e+08
6.649128000000000e+08
6.649164000000000e+08
6.649200000000000e+08
6.649236000000000e+08
6.649272000000000e+08
6.649308000000000e+08
6.649344000000000e+08
6.649380000000000e+08
6.649416000000000e+08
6.649452000000000e+08
6.649488000000000e+08
6.649524000000000e+08
6.649560000000000e+08
6.649596000000000e+08
6.649632000000000e+08
6.649668000000000e+08
6.649704000000000e+08
6.649740000000000e+08
6.649776000000000e+08
6.649812000000000e+08
6.649848000000000e+08
6.649884000000000e+08
6.649920000000000e+08
6.649956000000000e+08
6.652368000000000e+08
6.652404000000000e+08
6.652440000000000e+08
6.652476000000000e+08
6.652512000000000e+08
6.652548000000000e+08
6.652584000000000e+08
6.652620000000000e+08
6.652656000000000e+08
6.652692000000000e+08
6.652728000000000e+08
6.652764000000000e+08
6.652800000000000e+08
6.652836000000000e+08
6.652872000000000e+08
6.652908000000000e+08
6.652944000000000e+08
6.652980000000000e+08
6.653016000000000e+08
6.653052000000000e+08
6.653088000000000e+08
6.653124000000000e+08
6.653160000000000e+08
6.653196000000000e+08
6.655176000000000e+08
6.655212000000000e+08
6.655248000000000e+08
6.655284000000000e+08
6.655320000000000e+08
6.655356000000000e+08
6.655392000000000e+08
6.655428000000000e+08
6.655464000000000e+08
6.655500000000000e+08
6.655536000000000e+08
6.655572000000000e+08
6.655608000000000e+08
6.655644000000000e+08
6.655680000000000e+08
6.655716000000000e+08
6.655752000000000e+08
6.655788000000000e+08
6.655824000000000e+08
6.655860000000000e+08
6.655896000000000e+08
6.655932000000000e+08
6.655968000000000e+08
6.656004000000000e+08
6.628176000000000e+08
6.628212000000000e+08
6.628248000000000e+08
6.628284000000000e+08
6.628320000000000e+08
6.628356000000000e+08
6.628392000000000e+08
6.628428000000000e+08
6.628464000000000e+08
6.628500000000000e+08
6.628536000000000e+08
6.628572000000000e+08
6.628608000000000e+08
6.628644000000000e+08
6.628680000000000e+08
6.628716000000000e+08
6.628752000000000e+08
6.628788000000000e+08
6.628824000000000e+08
6.628860000000000e+08
6.628896000000000e+08
6.628932000000000e+08
6.628968000000000e+08
6.629004000000000e+08
6.630984000000000e+08
6.631020000000000e+08
6.631056000000000e+08
6.631092000000000e+08
6.631128000000000e+08
6.631164000000000e+08
6.631200000000000e+08
6.631236000000000e+08
6.631272000000000e+08
6.631308000000000e+08
6.631344000000000e+08
6.631380000000000e+08
6.631416000000000e+08
6.631452000000000e+08
6.631488000000000e+08
6.631524000000000e+08
6.631560000000000e+08
6.631596000000000e+08
6.631632000000000e+08
6.631668000000000e+08
6.631704000000000e+08
6.631740000000000e+08
6.631776000000000e+08
6.631812000000000e+08
6.634224000000000e+08
6.634260000000000e+08
6.634296000000000e+08
6.634332000000000e+08
6.634368000000000e+08
6.634404000000000e+08
6.634440000000000e+08
6.634476000000000e+08
6.634512000000000e+08
6.634548000000000e+08
6.634584000000000e+08
6.634620000000000e+08
6.634656000000000e+08
6.634692000000000e+08
6.634728000000000e+08
6.634764000000000e+08
6.634800000000000e+08
6.634836000000000e+08
6.634872000000000e+08
6.634908000000000e+08
6.634944000000000e+08
6.634980000000000e+08
6.635016000000000e+08
6.635052000000000e+08
6.637032000000000e+08
6.637068000000000e+08
6.637104000000000e+08
6.637140000000000e+08
6.637176000000000e+08
6.637212000000000e+08
6.637248000000000e+08
6.637284000000000e+08
6.637320000000000e+08
6.637356000000000e+08
6.637392000000000e+08
6.637428000000000e+08
6.637464000000000e+08
6.637500000000000e+08
6.637536000000000e+08
6.637572000000000e+08
6.637608000000000e+08
6.637644000000000e+08
6.637680000000000e+08
6.637716000000000e+08
6.637752000000000e+08
6.637788000000000e+08
6.637824000000000e+08
6.637860000000000e+08
6.640272000000000e+08
6.640308000000000e+08
6.640344000000000e+08
6.640380000000000e+08
6.640416000000000e+08
6.640452000000000e+08
6.640488000000000e+08
6.640524000000000e+08
6.640560000000000e+08
6.640596000000000e+08
6.640632000000000e+08
6.640668000000000e+08
6.640704000000000e+08
6.640740000000000e+08
6.640776000000000e+08
6.640812000000000e+08
6.640848000000000e+08
6.640884000000000e+08
6.640920000000000e+08
6.640956000000000e+08
6.640992000000000e+08
6.641028000000000e+08
6.641064000000000e+08
6.641100000000000e+08
6.643080000000000e+08
6.643116000000000e+08
6.643152000000000e+08
6.643188000000000e+08
6.643224000000000e+08
6.643260000000000e+08
6.643296000000000e+08
6.643332000000000e+08
6.643368000000000e+08
6.643404000000000e+08
6.643440000000000e+08
6.643476000000000e+08
6.643512000000000e+08
6.643548000000000e+08
6.643584000000000e+08
6.643620000000000e+08
6.643656000000000e+08
6.643692000000000e+08
6.643728000000000e+08
6.643764000000000e+08
6.643800000000000e+08
6.643836000000000e+08
6.643872000000000e+08
6.643908000000000e+08
6.646320000000000e+08
6.646356000000000e+08
6.646392000000000e+08
6.646428000000000e+08
6.646464000000000e+08
6.646500000000000e+08
6.646536000000000e+08
6.646572000000000e+08
6.646608000000000e+08
6.646644000000000e+08
6.646680000000000e+08
6.646716000000000e+08
6.646752000000000e+08
6.646788000000000e+08
6.646824000000000e+08
6.646860000000000e+08
6.646896000000000e+08
6.646932000000000e+08
6.646968000000000e+08
6.647004000000000e+08
6.647040000000000e+08
6.647076000000000e+08
6.647112000000000e+08
6.647148000000000e+08
6.649128000000000e+08
6.649164000000000e+08
6.649200000000000e+08
6.649236000000000e+08
6.649272000000000e+08
6.649308000000000e+08
6.649344000000000e+08
6.649380000000000e+08
6.649416000000000e+08
6.649452000000000e+08
6.649488000000000e+08
6.649524000000000e+08
6.649560000000000e+08
6.649596000000000e+08
6.649632000000000e+08
6.649668000000000e+08
6.649704000000000e+08
6.649740000000000e+08
6.649776000000000e+08
6.649812000000000e+08
6.649848000000000e+08
6.649884000000000e+08
6.649920000000000e+08
6.649956000000000e+08
6.652368000000000e+08
6.652404000000000e+08
6.652440000000000e+08
6.652476000000000e+08
6.652512000000000e+08
6.652548000000000e+08
6.652584000000000e+08
6.652620000000000e+08
6.652656000000000e+08
6.652692000000000e+08
6.652728000000000e+08
6.652764000000000e+08
6.652800000000000e+08
6.652836000000000e+08
6.652872000000000e+08
6.652908000000000e+08
6.652944000000000e+08
6.652980000000000e+08
6.653016000000000e+08
6.653052000000000e+08
6.653088000000000e+08
6.653124000000000e+08
6.653160000000000e+08
6.653196000000000e+08
6.655176000000000e+08
6.655212000000000e+08
6.655248000000000e+08
6.655284000000000e+08
6.655320000000000e+08
6.655356000000000e+08
6.655392000000000e+08
6.655428000000000e+08
6.655464000000000e+08
6.655500000000000e+08
6.655536000000000e+08
6.655572000000000e+08
6.655608000000000e+08
6.655644000000000e+08
6.655680000000000e+08
6.655716000000000e+08
6.655752000000000e+08
6.655788000000000e+08
6.655824000000000e+08
6.655860000000000e+08
6.655896000000000e+08
6.655932000000000e+08
6.655968000000000e+08
6.656004000000000e+08
6.628176000000000e+08
6.628212000000000e+08
6.628248000000000e+08
6.628284000000000e+08
6.628320000000000e+08
6.628356000000000e+08
6.628392000000000e+08
6.628428000000000e+08
6.628464000000000e+08
6.628500000000000e+08
6.628536000000000e+08
6.628572000000000e+08
6.628608000000000e+08
6.628644000000000e+08
6.628680000000000e+08
6.628716000000000e+08
6.628752000000000e+08
6.628788000000000e+08
6.628824000000000e+08
6.628860000000000e+08
6.628896000000000e+08
6.628932000000000e+08
6.628968000000000e+08
6.629004000000000e+08
6.630984000000000e+08
6.631020000000000e+08
6.631056000000000e+08
6.631092000000000e+08
6.631128000000000e+08
6.631164000000000e+08
6.631200000000000e+08
6.631236000000000e+08
6.631272000000000e+08
6.631308000000000e+08
6.631344000000000e+08
6.631380000000000e+08
6.631416000000000e+08
6.631452000000000e+08
6.631488000000000e+08
6.631524000000000e+08
6.631560000000000e+08
6.631596000000000e+08
6.631632000000000e+08
6.631668000000000e+08
6.631704000000000e+08
6.631740000000000e+08
6.631776000000000e+08
6.631812000000000e+08
6.634224000000000e+08
6.634260000000000e+08
6.634296000000000e+08
6.634332000000000e+08
6.634368000000000e+08
6.634404000000000e+08
6.634440000000000e+08
6.634476000000000e+08
6.634512000000000e+08
6.634548000000000e+08
6.634584000000000e+08
6.634620000000000e+08
6.634656000000000e+08
6.634692000000000e+08
6.634728000000000e+08
6.634764000000000e+08
6.634800000000000e+08
6.634836000000000e+08
6.634872000000000e+08
6.634908000000000e+08
6.634944000000000e+08
6.634980000000000e+08
6.635016000000000e+08
6.635052000000000e+08
6.637032000000000e+08
6.637068000000000e+08
6.637104000000000e+08
6.637140000000000e+08
6.637176000000000e+08
6.637212000000000e+08
6.637248000000000e+08
6.637284000000000e+08
6.637320000000000e+08
6.637356000000000e+08
6.637392000000000e+08
6.637428000000000e+08
6.637464000000000e+08
6.637500000000000e+08
6.637536000000000e+08
6.637572000000000e+08
6.637608000000000e+08
6.637644000000000e+08
6.637680000000000e+08
6.637716000000000e+08
6.637752000000000e+08
6.637788000000000e+08
6.637824000000000e+08
6.637860000000000e+08
6.640272000000000e+08
6.640308000000000e+08
6.640344000000000e+08
6.640380000000000e+08
6.640416000000000e+08
6.640452000000000e+08
6.640488000000000e+08
6.640524000000000e+08
6.640560000000000e+08
6.640596000000000e+08
6.640632000000000e+08
6.640668000000000e+08
6.640704000000000e+08
6.640740000000000e+08
6.640776000000000e+08
6.640812000000000e+08
6.640848000000000e+08
6.640884000000000e+08
6.640920000000000e+08
6.640956000000000e+08
6.640992000000000e+08
6.641028000000000e+08
6.641064000000000e+08
6.641100000000000e+08
6.643080000000000e+08
6.643116000000000e+08
6.643152000000000e+08
6.643188000000000e+08
6.643224000000000e+08
6.643260000000000e+08
6.643296000000000e+08
6.643332000000000e+08
6.643368000000000e+08
6.643404000000000e+08
6.643440000000000e+08
6.643476000000000e+08
6.643512000000000e+08
6.643548000000000e+08
6.643584000000000e+08
6.643620000000000e+08
6.643656000000000e+08
6.643692000000000e+08
6.643728000000000e+08
6.643764000000000e+08
6.643800000000000e+08
6.643836000000000e+08
6.643872000000000e+08
6.643908000000000e+08
6.646320000000000e+08
6.646356000000000e+08
6.646392000000000e+08
6.646428000000000e+08
6.646464000000000e+08
6.646500000000000e+08
6.646536000000000e+08
6.646572000000000e+08
6.646608000000000e+08
6.646644000000000e+08
6.646680000000000e+08
6.646716000000000e+08
6.646752000000000e+08
6.646788000000000e+08
6.646824000000000e+08
6.646860000000000e+08
6.646896000000000e+08
6.646932000000000e+08
6.646968000000000e+08
6.647004000000000e+08
6.647040000000000e+08
6.647076000000000e+08
6.647112000000000e+08
6.647148000000000e+08
6.649128000000000e+08
6.649164000000000e+08
6.649200000000000e+08
6.649236000000000e+08
6.649272000000000e+08
6.649308000000000e+08
6.649344000000000e+08
6.649380000000000e+08
6.649416000000000e+08
6.649452000000000e+08
6.649488000000000e+08
6.649524000000000e+08
6.649560000000000e+08
6.649596000000000e+08
6.649632000000000e+08
6.649668000000000e+08
6.649704000000000e+08
6.649740000000000e+08
6.649776000000000e+08
6.649812000000000e+08
6.649848000000000e+08
6.649884000000000e+08
6.649920000000000e+08
6.649956000000000e+08
6.652368000000000e+08
6.652404000000000e+08
6.652440000000000e+08
6.652476000000000e+08
6.652512000000000e+08
6.652548000000000e+08
6.652584000000000e+08
6.652620000000000e+08
6.652656000000000e+08
6.652692000000000e+08
6.652728000000000e+08
6.652764000000000e+08
6.652800000000000e+08
6.652836000000000e+08
6.652872000000000e+08
6.652908000000000e+08
6.652944000000000e+08
6.652980000000000e+08
6.653016000000000e+08
6.653052000000000e+08
6.653088000000000e+08
6.653124000000000e+08
6.653160000000000e+08
6.653196000000000e+08
6.655176000000000e+08
6.655212000000000e+08
6.655248000000000e+08
6.655284000000000e+08
6.655320000000000e+08
6.655356000000000e+08
6.655392000000000e+08
6.655428000000000e+08
6.655464000000000e+08
6.655500000000000e+08
6.655536000000000e+08
6.655572000000000e+08
6.655608000000000e+08
6.655644000000000e+08
6.655680000000000e+08
6.655716000000000e+08
6.655752000000000e+08
6.655788000000000e+08
6.655824000000000e+08
6.655860000000000e+08
6.655896000000000e+08
6.655932000000000e+08
6.655968000000000e+08
6.656004000000000e+08
6.628176000000000e+08
6.628212000000000e+08
6.628248000000000e+08
6.628284000000000e+08
6.628320000000000e+08
6.628356000000000e+08
6.628392000000000e+08
6.628428000000000e+08
6.628464000000000e+08
6.628500000000000e+08
6.628536000000000e+08
6.628572000000000e+08
6.628608000000000e+08
6.628644000000000e+08
6.628680000000000e+08
6.628716000000000e+08
6.628752000000000e+08
6.628788000000000e+08
6.628824000000000e+08
6.628860000000000e+08
6.628896000000000e+08
6.628932000000000e+08
6.628968000000000e+08
6.629004000000000e+08
6.630984000000000e+08
6.631020000000000e+08
6.631056000000000e+08
6.631092000000000e+08
6.631128000000000e+08
6.631164000000000e+08
6.631200000000000e+08
6.631236000000000e+08
6.631272000000000e+08
6.631308000000000e+08
6.631344000000000e+08
6.631380000000000e+08
6.631416000000000e+08
6.631452000000000e+08
6.631488000000000e+08
6.631524000000000e+08
6.631560000000000e+08
6.631596000000000e+08
6.631632000000000e+08
6.631668000000000e+08
6.631704000000000e+08
6.631740000000000e+08
6.631776000000000e+08
6.631812000000000e+08
6.634224000000000e+08
6.634260000000000e+08
6.634296000000000e+08
6.634332000000000e+08
6.634368000000000e+08
6.634404000000000e+08
6.634440000000000e+08
6.634476000000000e+08
6.634512000000000e+08
6.634548000000000e+08
6.634584000000000e+08
6.634620000000000e+08
6.634656000000000e+08
6.634692000000000e+08
6.634728000000000e+08
6.634764000000000e+08
6.634800000000000e+08
6.634836000000000e+08
6.634872000000000e+08
6.634908000000000e+08
6.634944000000000e+08
6.634980000000000e+08
6.635016000000000e+08
6.635052000000000e+08
6.637032000000000e+08
6.637068000000000e+08
6.637104000000000e+08
6.637140000000000e+08
6.637176000000000e+08
6.637212000000000e+08
6.637248000000000e+08
6.637284000000000e+08
6.637320000000000e+08
6.637356000000000e+08
6.637392000000000e+08
6.637428000000000e+08
6.637464000000000e+08
6.637500000000000e+08
6.637536000000000e+08
6.637572000000000e+08
6.637608000000000e+08
6.637644000000000e+08
6.637680000000000e+08
6.637716000000000e+08
6.637752000000000e+08
6.637788000000000e+08
6.637824000000000e+08
6.637860000000000e+08
6.640272000000000e+08
6.640308000000000e+08
6.640344000000000e+08
6.640380000000000e+08
6.640416000000000e+08
6.640452000000000e+08
6.640488000000000e+08
6.640524000000000e+08
6.640560000000000e+08
6.640596000000000e+08
6.640632000000000e+08
6.640668000000000e+08
6.640704000000000e+08
6.640740000000000e+08
6.640776000000000e+08
6.640812000000000e+08
6.640848000000000e+08
6.640884000000000e+08
6.640920000000000e+08
6.640956000000000e+08
6.640992000000000e+08
6.641028000000000e+08
6.641064000000000e+08
6.641100000000000e+08
6.643080000000000e+08
6.643116000000000e+08
6.643152000000000e+08
6.643188000000000e+08
6.643224000000000e+08
6.643260000000000e+08
6.643296000000000e+08
6.643332000000000e+08
6.643368000000000e+08
6.643404000000000e+08
6.643440000000000e+08
6.643476000000000e+08
6.643512000000000e+08
6.643548000000000e+08
6.643584000000000e+08
6.643620000000000e+08
6.643656000000000e+08
6.643692000000000e+08
6.643728000000000e+08
6.643764000000000e+08
6.643800000000000e+08
6.643836000000000e+08
6.643872000000000e+08
6.643908000000000e+08
6.646320000000000e+08
6.646356000000000e+08
6.646392000000000e+08
6.646428000000000e+08
6.646464000000000e+08
6.646500000000000e+08
6.646536000000000e+08
6.646572000000000e+08
6.646608000000000e+08
6.646644000000000e+08
6.646680000000000e+08
6.646716000000000e+08
6.646752000000000e+08
6.646788000000000e+08
6.646824000000000e+08
6.646860000000000e+08
6.646896000000000e+08
6.646932000000000e+08
6.646968000000000e+08
6.647004000000000e+08
6.647040000000000e+08
6.647076000000000e+08
6.647112000000000e+08
6.647148000000000e+08
6.649128000000000e+08
6.649164000000000e+08
6.649200000000000e+08
6.649236000000000e+08
6.649272000000000e+08
6.649308000000000e+08
6.649344000000000e+08
6.649380000000000e+08
6.649416000000000e+08
6.649452000000000e+08
6.649488000000000e+08
6.649524000000000e+08
6.649560000000000e+08
6.649596000000000e+08
6.649632000000000e+08
6.649668000000000e+08
6.649704000000000e+08
6.649740000000000e+08
6.649776000000000e+08
6.649812000000000e+08
6.649848000000000e+08
6.649884000000000e+08
6.649920000000000e+08
6.649956000000000e+08
6.652368000000000e+08
6.652404000000000e+08
6.652440000000000e+08
6.652476000000000e+08
6.652512000000000e+08
6.652548000000000e+08
6.652584000000000e+08
6.652620000000000e+08
6.652656000000000e+08
6.652692000000000e+08
6.652728000000000e+08
6.652764000000000e+08
6.652800000000000e+08
6.652836000000000e+08
6.652872000000000e+08
6.652908000000000e+08
6.652944000000000e+08
6.652980000000000e+08
6.653016000000000e+08
6.653052000000000e+08
6.653088000000000e+08
6.653124000000000e+08
6.653160000000000e+08
6.653196000000000e+08
6.655176000000000e+08
6.655212000000000e+08
6.655248000000000e+08
6.655284000000000e+08
6.655320000000000e+08
6.655356000000000e+08
6.655392000000000e+08
6.655428000000000e+08
6.655464000000000e+08
6.655500000000000e+08
6.655536000000000e+08
6.655572000000000e+08
6.655608000000000e+08
6.655644000000000e+08
6.655680000000000e+08
6.655716000000000e+08
6.655752000000000e+08
6.655788000000000e+08
6.655824000000000e+08
6.655860000000000e+08
6.655896000000000e+08
6.655932000000000e+08
6.655968000000000e+08
6.656004000000000e+08
6.628176000000000e+08
6.628212000000000e+08
6.628248000000000e+08
6.628284000000000e+08
6.628320000000000e+08
6.628356000000000e+08
6.628392000000000e+08
6.628428000000000e+08
6.628464000000000e+08
6.628500000000000e+08
6.628536000000000e+08
6.628572000000000e+08
6.628608000000000e+08
6.628644000000000e+08
6.628680000000000e+08
6.628716000000000e+08
6.628752000000000e+08
6.628788000000000e+08
6.628824000000000e+08
6.628860000000000e+08
6.628896000000000e+08
6.628932000000000e+08
6.628968000000000e+08
6.629004000000000e+08
6.630984000000000e+08
6.631020000000000e+08
6.631056000000000e+08
6.631092000000000e+08
6.631128000000000e+08
6.631164000000000e+08
6.631200000000000e+08
6.631236000000000e+08
6.631272000000000e+08
6.631308000000000e+08
6.631344000000000e+08
6.631380000000000e+08
6.631416000000000e+08
6.631452000000000e+08
6.631488000000000e+08
6.631524000000000e+08
6.631560000000000e+08
6.631596000000000e+08
6.631632000000000e+08
6.631668000000000e+08
6.631704000000000e+08
6.631740000000000e+08
6.631776000000000e+08
6.631812000000000e+08
6.634224000000000e+08
6.634260000000000e+08
6.634296000000000e+08
6.634332000000000e+08
6.634368000000000e+08
6.634404000000000e+08
6.634440000000000e+08
6.634476000000000e+08
6.634512000000000e+08
6.634548000000000e+08
6.634584000000000e+08
6.634620000000000e+08
6.634656000000000e+08
6.634692000000000e+08
6.634728000000000e+08
6.634764000000000e+08
6.634800000000000e+08
6.634836000000000e+08
6.634872000000000e+08
6.634908000000000e+08
6.634944000000000e+08
6.634980000000000e+08
6.635016000000000e+08
6.635052000000000e+08
6.637032000000000e+08
6.637068000000000e+08
6.637104000000000e+08
6.637140000000000e+08
6.637176000000000e+08
6.637212000000000e+08
6.637248000000000e+08
6.637284000000000e+08
6.637320000000000e+08
6.637356000000000e+08
6.637392000000000e+08
6.637428000000000e+08
6.637464000000000e+08
6.637500000000000e+08
6.637536000000000e+08
6.637572000000000e+08
6.637608000000000e+08
6.637644000000000e+08
6.637680000000000e+08
6.637716000000000e+08
6.637752000000000e+08
6.637788000000000e+08
6.637824000000000e+08
6.637860000000000e+08
6.640272000000000e+08
6.640308000000000e+08
6.640344000000000e+08
6.640380000000000e+08
6.640416000000000e+08
6.640452000000000e+08
6.640488000000000e+08
6.640524000000000e+08
6.640560000000000e+08
6.640596000000000e+08
6.640632000000000e+08
6.640668000000000e+08
6.640704000000000e+08
6.640740000000000e+08
6.640776000000000e+08
6.640812000000000e+08
6.640848000000000e+08
6.640884000000000e+08
6.640920000000000e+08
6.640956000000000e+08
6.640992000000000e+08
6.641028000000000e+08
6.641064000000000e+08
6.641100000000000e+08
6.643080000000000e+08
6.643116000000000e+08
6.643152000000000e+08
6.643188000000000e+08
6.643224000000000e+08
6.643260000000000e+08
6.643296000000000e+08
6.643332000000000e+08
6.643368000000000e+08
6.643404000000000e+08
6.643440000000000e+08
6.643476000000000e+08
6.643512000000000e+08
6.643548000000000e+08
6.643584000000000e+08
6.643620000000000e+08
6.643656000000000e+08
6.643692000000000e+08
6.643728000000000e+08
6.643764000000000e+08
6.643800000000000e+08
6.643836000000000e+08
6.643872000000000e+08
6.643908000000000e+08
6.646320000000000e+08
6.646356000000000e+08
6.646392000000000e+08
6.646428000000000e+08
6.646464000000000e+08
6.646500000000000e+08
6.646536000000000e+08
6.646572000000000e+08
6.646608000000000e+08
6.646644000000000e+08
6.646680000000000e+08
6.646716000000000e+08
6.646752000000000e+08
6.646788000000000e+08
6.646824000000000e+08
6.646860000000000e+08
6.646896000000000e+08
6.646932000000000e+08
6.646968000000000e+08
6.647004000000000e+08
6.647040000000000e+08
6.647076000000000e+08
6.647112000000000e+08
6.647148000000000e+08
6.649128000000000e+08
6.649164000000000e+08
6.649200000000000e+08
6.649236000000000e+08
6.649272000000000e+08
6.649308000000000e+08
6.649344000000000e+08
6.649380000000000e+08
6.649416000000000e+08
6.649452000000000e+08
6.649488000000000e+08
6.649524000000000e+08
6.649560000000000e+08
6.649596000000000e+08
6.649632000000000e+08
6.649668000000000e+08
6.649704000000000e+08
6.649740000000000e+08
6.649776000000000e+08
6.649812000000000e+08
6.649848000000000e+08
6.649884000000000e+08
6.649920000000000e+08
6.649956000000000e+08
6.652368000000000e+08
6.652404000000000e+08
6.652440000000000e+08
6.652476000000000e+08
6.652512000000000e+08
6.652548000000000e+08
6.652584000000000e+08
6.652620000000000e+08
6.652656000000000e+08
6.652692000000000e+08
6.652728000000000e+08
6.652764000000000e+08
6.652800000000000e+08
6.652836000000000e+08
6.652872000000000e+08
6.652908000000000e+08
6.652944000000000e+08
6.652980000000000e+08
6.653016000000000e+08
6.653052000000000e+08
6.653088000000000e+08
6.653124000000000e+08
6.653160000000000e+08
6.653196000000000e+08
6.655176000000000e+08
6.655212000000000e+08
6.655248000000000e+08
6.655284000000000e+08
6.655320000000000e+08
6.655356000000000e+08
6.655392000000000e+08
6.655428000000000e+08
6.655464000000000e+08
6.655500000000000e+08
6.655536000000000e+08
6.655572000000000e+08
6.655608000000000e+08
6.655644000000000e+08
6.655680000000000e+08
6.655716000000000e+08
6.655752000000000e+08
6.655788000000000e+08
6.655824000000000e+08
6.655860000000000e+08
6.655896000000000e+08
6.655932000000000e+08
6.655968000000000e+08
6.656004000000000e+08
6.628176000000000e+08
6.628212000000000e+08
6.628248000000000e+08
6.628284000000000e+08
6.628320000000000e+08
6.628356000000000e+08
6.628392000000000e+08
6.628428000000000e+08
6.628464000000000e+08
6.628500000000000e+08
6.628536000000000e+08
6.628572000000000e+08
6.628608000000000e+08
6.628644000000000e+08
6.628680000000000e+08
6.628716000000000e+08
6.628752000000000e+08
6.628788000000000e+08
6.628824000000000e+08
6.628860000000000e+08
6.628896000000000e+08
6.628932000000000e+08
6.628968000000000e+08
6.629004000000000e+08
6.630984000000000e+08
6.631020000000000e+08
6.631056000000000e+08
6.631092000000000e+08
6.631128000000000e+08
6.631164000000000e+08
6.631200000000000e+08
6.631236000000000e+08
6.631272000000000e+08
6.631308000000000e+08
6.631344000000000e+08
6.631380000000000e+08
6.631416000000000e+08
6.631452000000000e+08
6.631488000000000e+08
6.631524000000000e+08
6.631560000000000e+08
6.631596000000000e+08
6.631632000000000e+08
6.631668000000000e+08
6.631704000000000e+08
6.631740000000000e+08
6.631776000000000e+08
6.631812000000000e+08
6.634224000000000e+08
6.634260000000000e+08
6.634296000000000e+08
6.634332000000000e+08
6.634368000000000e+08
6.634404000000000e+08
6.634440000000000e+08
6.634476000000000e+08
6.634512000000000e+08
6.634548000000000e+08
6.634584000000000e+08
6.634620000000000e+08
6.634656000000000e+08
6.634692000000000e+08
6.634728000000000e+08
6.634764000000000e+08
6.634800000000000e+08
6.634836000000000e+08
6.634872000000000e+08
6.634908000000000e+08
6.634944000000000e+08
6.634980000000000e+08
6.635016000000000e+08
6.635052000000000e+08
6.637032000000000e+08
6.637068000000000e+08
6.637104000000000e+08
6.637140000000000e+08
6.637176000000000e+08
6.637212000000000e+08
6.637248000000000e+08
6.637284000000000e+08
6.637320000000000e+08
6.637356000000000e+08
6.637392000000000e+08
6.637428000000000e+08
6.637464000000000e+08
6.637500000000000e+08
6.637536000000000e+08
6.637572000000000e+08
6.637608000000000e+08
6.637644000000000e+08
6.637680000000000e+08
6.637716000000000e+08
6.637752000000000e+08
6.637788000000000e+08
6.637824000000000e+08
6.637860000000000e+08
6.640272000000000e+08
6.640308000000000e+08
6.640344000000000e+08
6.640380000000000e+08
6.640416000000000e+08
6.640452000000000e+08
6.640488000000000e+08
6.640524000000000e+08
6.640560000000000e+08
6.640596000000000e+08
6.640632000000000e+08
6.640668000000000e+08
6.640704000000000e+08
6.640740000000000e+08
6.640776000000000e+08
6.640812000000000e+08
6.640848000000000e+08
6.640884000000000e+08
6.640920000000000e+08
6.640956000000000e+08
6.640992000000000e+08
6.641028000000000e+08
6.641064000000000e+08
6.641100000000000e+08
6.643080000000000e+08
6.643116000000000e+08
6.643152000000000e+08
6.643188000000000e+08
6.643224000000000e+08
6.643260000000000e+08
6.643296000000000e+08
6.643332000000000e+08
6.643368000000000e+08
6.643404000000000e+08
6.643440000000000e+08
6.643476000000000e+08
6.643512000000000e+08
6.643548000000000e+08
6.643584000000000e+08
6.643620000000000e+08
6.643656000000000e+08
6.643692000000000e+08
6.643728000000000e+08
6.643764000000000e+08
6.643800000000000e+08
6.643836000000000e+08
6.643872000000000e+08
6.643908000000000e+08
6.646320000000000e+08
6.646356000000000e+08
6.646392000000000e+08
6.646428000000000e+08
6.646464000000000e+08
6.646500000000000e+08
6.646536000000000e+08
6.646572000000000e+08
6.646608000000000e+08
6.646644000000000e+08
6.646680000000000e+08
6.646716000000000e+08
6.646752000000000e+08
6.646788000000000e+08
6.646824000000000e+08
6.646860000000000e+08
6.646896000000000e+08
6.646932000000000e+08
6.646968000000000e+08
6.647004000000000e+08
6.647040000000000e+08
6.647076000000000e+08
6.647112000000000e+08
6.647148000000000e+08
6.649128000000000e+08
6.649164000000000e+08
6.649200000000000e+08
6.649236000000000e+08
6.649272000000000e+08
6.649308000000000e+08
6.649344000000000e+08
6.649380000000000e+08
6.649416000000000e+08
6.649452000000000e+08
6.649488000000000e+08
6.649524000000000e+08
6.649560000000000e+08
6.649596000000000e+08
6.649632000000000e+08
6.649668000000000e+08
6.649704000000000e+08
6.649740000000000e+08
6.649776000000000e+08
6.649812000000000e+08
6.649848000000000e+08
6.649884000000000e+08
6.649920000000000e+08
6.649956000000000e+08
6.652368000000000e+08
6.652404000000000e+08
6.652440000000000e+08
6.652476000000000e+08
6.652512000000000e+08
6.652548000000000e+08
6.652584000000000e+08
6.652620000000000e+08
6.652656000000000e+08
6.652692000000000e+08
6.652728000000000e+08
6.652764000000000e+08
6.652800000000000e+08
6.652836000000000e+08
6.652872000000000e+08
6.652908000000000e+08
6.652944000000000e+08
6.652980000000000e+08
6.653016000000000e+08
6.653052000000000e+08
6.653088000000000e+08
6.653124000000000e+08
6.653160000000000e+08
6.653196000000000e+08
6.655176000000000e+08
6.655212000000000e+08
6.655248000000000e+08
6.655284000000000e+08
6.655320000000000e+08
6.655356000000000e+08
6.655392000000000e+08
6.655428000000000e+08
6.655464000000000e+08
6.655500000000000e+08
6.655536000000000e+08
6.655572000000000e+08
6.655608000000000e+08
6.655644000000000e+08
6.655680000000000e+08
6.655716000000000e+08
6.655752000000000e+08
6.655788000000000e+08
6.655824000000000e+08
6.655860000000000e+08
6.655896000000000e+08
6.655932000000000e+08
6.655968000000000e+08
6.656004000000000e+08
6.628176000000000e+08
6.628212000000000e+08
6.628248000000000e+08
6.628284000000000e+08
6.628320000000000e+08
6.628356000000000e+08
6.628392000000000e+08
6.628428000000000e+08
6.628464000000000e+08
6.628500000000000e+08
6.628536000000000e+08
6.628572000000000e+08
6.628608000000000e+08
6.628644000000000e+08
6.628680000000000e+08
6.628716000000000e+08
6.628752000000000e+08
6.628788000000000e+08
6.628824000000000e+08
6.628860000000000e+08
6.628896000000000e+08
6.628932000000000e+08
6.628968000000000e+08
6.629004000000000e+08
6.630984000000000e+08
6.631020000000000e+08
6.631056000000000e+08
6.631092000000000e+08
6.631128000000000e+08
6.631164000000000e+08
6.631200000000000e+08
6.631236000000000e+08
6.631272000000000e+08
6.631308000000000e+08
6.631344000000000e+08
6.631380000000000e+08
6.631416000000000e+08
6.631452000000000e+08
6.631488000000000e+08
6.631524000000000e+08
6.631560000000000e+08
6.631596000000000e+08
6.631632000000000e+08
6.631668000000000e+08
6.631704000000000e+08
6.631740000000000e+08
6.631776000000000e+08
6.631812000000000e+08
6.634224000000000e+08
6.634260000000000e+08
6.634296000000000e+08
6.634332000000000e+08
6.634368000000000e+08
6.634404000000000e+08
6.634440000000000e+08
6.634476000000000e+08
6.634512000000000e+08
6.634548000000000e+08
6.634584000000000e+08
6.634620000000000e+08
6.634656000000000e+08
6.634692000000000e+08
6.634728000000000e+08
6.634764000000000e+08
6.634800000000000e+08
6.634836000000000e+08
6.634872000000000e+08
6.634908000000000e+08
6.634944000000000e+08
6.634980000000000e+08
6.635016000000000e+08
6.635052000000000e+08
6.637032000000000e+08
6.637068000000000e+08
6.637104000000000e+08
6.637140000000000e+08
6.637176000000000e+08
6.637212000000000e+08
6.637248000000000e+08
6.637284000000000e+08
6.637320000000000e+08
6.637356000000000e+08
6.637392000000000e+08
6.637428000000000e+08
6.637464000000000e+08
6.637500000000000e+08
6.637536000000000e+08
6.637572000000000e+08
6.637608000000000e+08
6.637644000000000e+08
6.637680000000000e+08
6.637716000000000e+08
6.637752000000000e+08
6.637788000000000e+08
6.637824000000000e+08
6.637860000000000e+08
6.640272000000000e+08
6.640308000000000e+08
6.640344000000000e+08
6.640380000000000e+08
6.640416000000000e+08
6.640452000000000e+08
6.640488000000000e+08
6.640524000000000e+08
6.640560000000000e+08
6.640596000000000e+08
6.640632000000000e+08
6.640668000000000e+08
6.640704000000000e+08
6.640740000000000e+08
6.640776000000000e+08
6.640812000000000e+08
6.640848000000000e+08
6.640884000000000e+08
6.640920000000000e+08
6.640956000000000e+08
6.640992000000000e+08
6.641028000000000e+08
6.641064000000000e+08
6.641100000000000e+08
6.643080000000000e+08
6.643116000000000e+08
6.643152000000000e+08
6.643188000000000e+08
6.643224000000000e+08
6.643260000000000e+08
6.643296000000000e+08
6.643332000000000e+08
6.643368000000000e+08
6.643404000000000e+08
6.643440000000000e+08
6.643476000000000e+08
6.643512000000000e+08
6.643548000000000e+08
6.643584000000000e+08
6.643620000000000e+08
6.643656000000000e+08
6.643692000000000e+08
6.643728000000000e+08
6.643764000000000e+08
6.643800000000000e+08
6.643836000000000e+08
6.643872000000000e+08
6.643908000000000e+08
6.646320000000000e+08
6.646356000000000e+08
6.646392000000000e+08
6.646428000000000e+08
6.646464000000000e+08
6.646500000000000e+08
6.646536000000000e+08
6.646572000000000e+08
6.646608000000000e+08
6.646644000000000e+08
6.646680000000000e+08
6.646716000000000e+08
6.646752000000000e+08
6.646788000000000e+08
6.646824000000000e+08
6.646860000000000e+08
6.646896000000000e+08
6.646932000000000e+08
6.646968000000000e+08
6.647004000000000e+08
6.647040000000000e+08
6.647076000000000e+08
6.647112000000000e+08
6.647148000000000e+08
6.649128000000000e+08
6.649164000000000e+08
6.649200000000000e+08
6.649236000000000e+08
6.649272000000000e+08
6.649308000000000e+08
6.649344000000000e+08
6.649380000000000e+08
6.649416000000000e+08
6.649452000000000e+08
6.649488000000000e+08
6.649524000000000e+08
6.649560000000000e+08
6.649596000000000e+08
6.649632000000000e+08
6.649668000000000e+08
6.649704000000000e+08
6.649740000000000e+08
6.649776000000000e+08
6.649812000000000e+08
6.649848000000000e+08
6.649884000000000e+08
6.649920000000000e+08
6.649956000000000e+08
6.652368000000000e+08
6.652404000000000e+08
6.652440000000000e+08
6.652476000000000e+08
6.652512000000000e+08
6.652548000000000e+08
6.652584000000000e+08
6.652620000000000e+08
6.652656000000000e+08
6.652692000000000e+08
6.652728000000000e+08
6.652764000000000e+08
6.652800000000000e+08
6.652836000000000e+08
6.652872000000000e+08
6.652908000000000e+08
6.652944000000000e+08
6.652980000000000e+08
6.653016000000000e+08
6.653052000000000e+08
6.653088000000000e+08
6.653124000000000e+08
6.653160000000000e+08
6.653196000000000e+08
6.655176000000000e+08
6.655212000000000e+08
6.655248000000000e+08
6.655284000000000e+08
6.655320000000000e+08
6.655356000000000e+08
6.655392000000000e+08
6.655428000000000e+08
6.655464000000000e+08
6.655500000000000e+08
6.655536000000000e+08
6.655572000000000e+08
6.655608000000000e+08
6.655644000000000e+08
6.655680000000000e+08
6.655716000000000e+08
6.655752000000000e+08
6.655788000000000e+08
6.655824000000000e+08
6.655860000000000e+08
6.655896000000000e+08
6.655932000000000e+08
6.655968000000000e+08
6.656004000000000e+08
6.628176000000000e+08
6.628212000000000e+08
6.628248000000000e+08
6.628284000000000e+08
6.628320000000000e+08
6.628356000000000e+08
6.628392000000000e+08
6.628428000000000e+08
6.628464000000000e+08
6.628500000000000e+08
6.628536000000000e+08
6.628572000000000e+08
6.628608000000000e+08
6.628644000000000e+08
6.628680000000000e+08
6.628716000000000e+08
6.628752000000000e+08
6.628788000000000e+08
6.628824000000000e+08
6.628860000000000e+08
6.628896000000000e+08
6.628932000000000e+08
6.628968000000000e+08
6.629004000000000e+08
6.630984000000000e+08
6.631020000000000e+08
6.631056000000000e+08
6.631092000000000e+08
6.631128000000000e+08
6.631164000000000e+08
6.631200000000000e+08
6.631236000000000e+08
6.631272000000000e+08
6.631308000000000e+08
6.631344000000000e+08
6.631380000000000e+08
6.631416000000000e+08
6.631452000000000e+08
6.631488000000000e+08
6.631524000000000e+08
6.631560000000000e+08
6.631596000000000e+08
6.631632000000000e+08
6.631668000000000e+08
6.631704000000000e+08
6.631740000000000e+08
6.631776000000000e+08
6.631812000000000e+08
6.634224000000000e+08
6.634260000000000e+08
6.634296000000000e+08
6.634332000000000e+08
6.634368000000000e+08
6.634404000000000e+08
6.634440000000000e+08
6.634476000000000e+08
6.634512000000000e+08
6.634548000000000e+08
6.634584000000000e+08
6.634620000000000e+08
6.634656000000000e+08
6.634692000000000e+08
6.634728000000000e+08
6.634764000000000e+08
6.634800000000000e+08
6.634836000000000e+08
6.634872000000000e+08
6.634908000000000e+08
6.634944000000000e+08
6.634980000000000e+08
6.635016000000000e+08
6.635052000000000e+08
6.637032000000000e+08
6.637068000000000e+08
6.637104000000000e+08
6.637140000000000e+08
6.637176000000000e+08
6.637212000000000e+08
6.637248000000000e+08
6.637284000000000e+08
6.637320000000000e+08
6.637356000000000e+08
6.637392000000000e+08
6.637428000000000e+08
6.637464000000000e+08
6.637500000000000e+08
6.637536000000000e+08
6.637572000000000e+08
6.637608000000000e+08
6.637644000000000e+08
6.637680000000000e+08
6.637716000000000e+08
6.637752000000000e+08
6.637788000000000e+08
6.637824000000000e+08
6.637860000000000e+08
6.640272000000000e+08
6.640308000000000e+08
6.640344000000000e+08
6.640380000000000e+08
6.640416000000000e+08
6.640452000000000e+08
6.640488000000000e+08
6.640524000000000e+08
6.640560000000000e+08
6.640596000000000e+08
6.640632000000000e+08
6.640668000000000e+08
6.640704000000000e+08
6.640740000000000e+08
6.640776000000000e+08
6.640812000000000e+08
6.640848000000000e+08
6.640884000000000e+08
6.640920000000000e+08
6.640956000000000e+08
6.640992000000000e+08
6.641028000000000e+08
6.641064000000000e+08
6.641100000000000e+08
6.643080000000000e+08
6.643116000000000e+08
6.643152000000000e+08
6.643188000000000e+08
6.643224000000000e+08
6.643260000000000e+08
6.643296000000000e+08
6.643332000000000e+08
6.643368000000000e+08
6.643404000000000e+08
6.643440000000000e+08
6.643476000000000e+08
6.643512000000000e+08
6.643548000000000e+08
6.643584000000000e+08
6.643620000000000e+08
6.643656000000000e+08
6.643692000000000e+08
6.643728000000000e+08
6.643764000000000e+08
6.643800000000000e+08
6.643836000000000e+08
6.643872000000000e+08
6.643908000000000e+08
6.646320000000000e+08
6.646356000000000e+08
6.646392000000000e+08
6.646428000000000e+08
6.646464000000000e+08
6.646500000000000e+08
6.646536000000000e+08
6.646572000000000e+08
6.646608000000000e+08
6.646644000000000e+08
6.646680000000000e+08
6.646716000000000e+08
6.646752000000000e+08
6.646788000000000e+08
6.646824000000000e+08
6.646860000000000e+08
6.646896000000000e+08
6.646932000000000e+08
6.646968000000000e+08
6.647004000000000e+08
6.647040000000000e+08
6.647076000000000e+08
6.647112000000000e+08
6.647148000000000e+08
6.649128000000000e+08
6.649164000000000e+08
6.649200000000000e+08
6.649236000000000e+08
6.649272000000000e+08
6.649308000000000e+08
6.649344000000000e+08
6.649380000000000e+08
6.649416000000000e+08
6.649452000000000e+08
6.649488000000000e+08
6.649524000000000e+08
6.649560000000000e+08
6.649596000000000e+08
6.649632000000000e+08
6.649668000000000e+08
6.649704000000000e+08
6.649740000000000e+08
6.649776000000000e+08
6.649812000000000e+08
6.649848000000000e+08
6.649884000000000e+08
6.649920000000000e+08
6.649956000000000e+08
6.652368000000000e+08
6.652404000000000e+08
6.652440000000000e+08
6.652476000000000e+08
6.652512000000000e+08
6.652548000000000e+08
6.652584000000000e+08
6.652620000000000e+08
6.652656000000000e+08
6.652692000000000e+08
6.652728000000000e+08
6.652764000000000e+08
6.652800000000000e+08
6.652836000000000e+08
6.652872000000000e+08
6.652908000000000e+08
6.652944000000000e+08
6.652980000000000e+08
6.653016000000000e+08
6.653052000000000e+08
6.653088000000000e+08
6.653124000000000e+08
6.653160000000000e+08
6.653196000000000e+08
6.655176000000000e+08
6.655212000000000e+08
6.655248000000000e+08
6.655284000000000e+08
6.655320000000000e+08
6.655356000000000e+08
6.655392000000000e+08
6.655428000000000e+08
6.655464000000000e+08
6.655500000000000e+08
6.655536000000000e+08
6.655572000000000e+08
6.655608000000000e+08
6.655644000000000e+08
6.655680000000000e+08
6.655716000000000e+08
6.655752000000000e+08
6.655788000000000e+08
6.655824000000000e+08
6.655860000000000e+08
6.655896000000000e+08
6.655932000000000e+08
6.655968000000000e+08
6.656004000000000e+08
6.628176000000000e+08
6.628212000000000e+08
6.628248000000000e+08
6.628284000000000e+08
6.628320000000000e+08
6.628356000000000e+08
6.628392000000000e+08
6.628428000000000e+08
6.628464000000000e+08
6.628500000000000e+08
6.628536000000000e+08
6.628572000000000e+08
6.628608000000000e+08
6.628644000000000e+08
6.628680000000000e+08
6.628716000000000e+08
6.628752000000000e+08
6.628788000000000e+08
6.628824000000000e+08
6.628860000000000e+08
6.628896000000000e+08
6.628932000000000e+08
6.628968000000000e+08
6.629004000000000e+08
6.630984000000000e+08
6.631020000000000e+08
6.631056000000000e+08
6.631092000000000e+08
6.631128000000000e+08
6.631164000000000e+08
6.631200000000000e+08
6.631236000000000e+08
6.631272000000000e+08
6.631308000000000e+08
6.631344000000000e+08
6.631380000000000e+08
6.631416000000000e+08
6.631452000000000e+08
6.631488000000000e+08
6.631524000000000e+08
6.631560000000000e+08
6.631596000000000e+08
6.631632000000000e+08
6.631668000000000e+08
6.631704000000000e+08
6.631740000000000e+08
6.631776000000000e+08
6.631812000000000e+08
6.634224000000000e+08
6.634260000000000e+08
6.634296000000000e+08
6.634332000000000e+08
6.634368000000000e+08
6.634404000000000e+08
6.634440000000000e+08
6.634476000000000e+08
6.634512000000000e+08
6.634548000000000e+08
6.634584000000000e+08
6.634620000000000e+08
6.634656000000000e+08
6.634692000000000e+08
6.634728000000000e+08
6.634764000000000e+08
6.634800000000000e+08
6.634836000000000e+08
6.634872000000000e+08
6.634908000000000e+08
6.634944000000000e+08
6.634980000000000e+08
6.635016000000000e+08
6.635052000000000e+08
6.637032000000000e+08
6.637068000000000e+08
6.637104000000000e+08
6.637140000000000e+08
6.637176000000000e+08
6.637212000000000e+08
6.637248000000000e+08
6.637284000000000e+08
6.637320000000000e+08
6.637356000000000e+08
6.637392000000000e+08
6.637428000000000e+08
6.637464000000000e+08
6.637500000000000e+08
6.637536000000000e+08
6.637572000000000e+08
6.637608000000000e+08
6.637644000000000e+08
6.637680000000000e+08
6.637716000000000e+08
6.637752000000000e+08
6.637788000000000e+08
6.637824000000000e+08
6.637860000000000e+08
6.640272000000000e+08
6.640308000000000e+08
6.640344000000000e+08
6.640380000000000e+08
6.640416000000000e+08
6.640452000000000e+08
6.640488000000000e+08
6.640524000000000e+08
6.640560000000000e+08
6.640596000000000e+08
6.640632000000000e+08
6.640668000000000e+08
6.640704000000000e+08
6.640740000000000e+08
6.640776000000000e+08
6.640812000000000e+08
6.640848000000000e+08
6.640884000000000e+08
6.640920000000000e+08
6.640956000000000e+08
6.640992000000000e+08
6.641028000000000e+08
6.641064000000000e+08
6.641100000000000e+08
6.643080000000000e+08
6.643116000000000e+08
6.643152000000000e+08
6.643188000000000e+08
6.643224000000000e+08
6.643260000000000e+08
6.643296000000000e+08
6.643332000000000e+08
6.643368000000000e+08
6.643404000000000e+08
6.643440000000000e+08
6.643476000000000e+08
6.643512000000000e+08
6.643548000000000e+08
6.643584000000000e+08
6.643620000000000e+08
6.643656000000000e+08
6.643692000000000e+08
6.643728000000000e+08
6.643764000000000e+08
6.643800000000000e+08
6.643836000000000e+08
6.643872000000000e+08
6.643908000000000e+08
6.646320000000000e+08
6.646356000000000e+08
6.646392000000000e+08
6.646428000000000e+08
6.646464000000000e+08
6.646500000000000e+08
6.646536000000000e+08
6.646572000000000e+08
6.646608000000000e+08
6.646644000000000e+08
6.646680000000000e+08
6.646716000000000e+08
6.646752000000000e+08
6.646788000000000e+08
6.646824000000000e+08
6.646860000000000e+08
6.646896000000000e+08
6.646932000000000e+08
6.646968000000000e+08
6.647004000000000e+08
6.647040000000000e+08
6.647076000000000e+08
6.647112000000000e+08
6.647148000000000e+08
6.649128000000000e+08
6.649164000000000e+08
6.649200000000000e+08
6.649236000000000e+08
6.649272000000000e+08
6.649308000000000e+08
6.649344000000000e+08
6.649380000000000e+08
6.649416000000000e+08
6.649452000000000e+08
6.649488000000000e+08
6.649524000000000e+08
6.649560000000000e+08
6.649596000000000e+08
6.649632000000000e+08
6.649668000000000e+08
6.649704000000000e+08
6.649740000000000e+08
6.649776000000000e+08
6.649812000000000e+08
6.649848000000000e+08
6.649884000000000e+08
6.649920000000000e+08
6.649956000000000e+08
6.652368000000000e+08
6.652404000000000e+08
6.652440000000000e+08
6.652476000000000e+08
6.652512000000000e+08
6.652548000000000e+08
6.652584000000000e+08
6.652620000000000e+08
6.652656000000000e+08
6.652692000000000e+08
6.652728000000000e+08
6.652764000000000e+08
6.652800000000000e+08
6.652836000000000e+08
6.652872000000000e+08
6.652908000000000e+08
6.652944000000000e+08
6.652980000000000e+08
6.653016000000000e+08
6.653052000000000e+08
6.653088000000000e+08
6.653124000000000e+08
6.653160000000000e+08
6.653196000000000e+08
6.655176000000000e+08
6.655212000000000e+08
6.655248000000000e+08
6.655284000000000e+08
6.655320000000000e+08
6.655356000000000e+08
6.655392000000000e+08
6.655428000000000e+08
6.655464000000000e+08
6.655500000000000e+08
6.655536000000000e+08
6.655572000000000e+08
6.655608000000000e+08
6.655644000000000e+08
6.655680000000000e+08
6.655716000000000e+08
6.655752000000000e+08
6.655788000000000e+08
6.655824000000000e+08
6.655860000000000e+08
6.655896000000000e+08
6.655932000000000e+08
6.655968000000000e+08
6.656004000000000e+08
