-5.2703509827932123e-05
-5.3079531952224333e-05
-5.3420430907535362e-05
-5.3695209900348188e-05
-5.5157403336816651e-05
-5.5030616749351134e-05
-5.5350730791743963e-05
-5.5713830665529186e-05
-5.6095981219134262e-05
-5.4923239453087881e-05
-5.5222198614033451e-05
-5.5585919346161736e-05
-5.5990396625013842e-05
-5.6408867132146136e-05
-5.6813594146394301e-05
-5.6682678103618196e-05
-5.7086728456279586e-05
-5.7443787030193355e-05
-5.5797920410085450e-05
-5.6203321134186887e-05
-5.6442409439953668e-05
-5.6829602825023780e-05
-5.7199150282875322e-05
-5.7526602917421349e-05
-5.7790398811398355e-05
-5.6960381163983802e-05
-5.7265487814948790e-05
-5.7529867632926677e-05
-5.7126199361336957e-05
-5.5713302909437347e-05
-5.5944431912219333e-05
-5.5023239604305016e-05
-5.5282104562323593e-05
-5.5597452205993954e-05
-5.5948285193484185e-05
-5.6311142852133297e-05
-5.4527100638519655e-05
-5.4751857253142507e-05
-5.5055511099963567e-05
-5.5417780976156102e-05
-5.5814432099738698e-05
-5.6218886501847519e-05
-5.6603993221990798e-05
-5.6457689171499719e-05
-5.6797990942305980e-05
-5.4671305529523650e-05
-5.5039395322657293e-05
-5.5445448171298659e-05
-5.5862158918321775e-05
-5.4839476929125480e-05
-5.5224666501355908e-05
-5.5615201533876293e-05
-5.5984796251960178e-05
-5.6308629375671381e-05
-5.6564993516578627e-05
-5.4959096833794130e-05
-5.5295480333804908e-05
-5.5609240345414864e-05
-5.5879298392768121e-05
-5.4903228435037053e-05
-5.2033140622830778e-05
-5.2238879104983569e-05
-5.0891562137454984e-05
-5.1139444908427265e-05
-5.1437657596100717e-05
-5.1766048826212379e-05
-5.2102344525707879e-05
-5.4871706012799611e-05
-5.5292744719537880e-05
-5.4754505794119110e-05
-5.5187703408765159e-05
-5.5674187525163396e-05
-5.6181608855772890e-05
-5.6676171052988774e-05
-5.5096014170177465e-05
-5.5559300928168853e-05
-5.6064369157897065e-05
-5.6577556250630840e-05
-5.7064672616659684e-05
-5.7493294219416171e-05
-5.7360378847895234e-05
-5.6393473790354592e-05
-5.6862044599000144e-05
-5.7116836850284327e-05
-5.6076742161067380e-05
-5.5000846049836745e-05
-5.5431131158663491e-05
-5.5907756344736873e-05
-5.6398709662659364e-05
-5.6870961657400402e-05
-5.4517682357000175e-05
-5.4913047243422351e-05
-5.5376335238378385e-05
-5.5876363122442941e-05
-5.6379488786586974e-05
-5.6851864406942443e-05
-5.7261703268159771e-05
-5.5140257948285931e-05
-5.5610967973047038e-05
-5.6080642531967558e-05
-5.6517634036462446e-05
-5.5476064630891366e-05
-5.2339052620338657e-05
-5.1253969388003895e-05
-5.1712443434464063e-05
-5.2182346360748143e-05
-5.2631742136732613e-05
-5.1364474142778647e-05
-5.1670889674017195e-05
-5.2038495387549123e-05
-5.2443419228980482e-05
-5.2859228239286273e-05
-5.2325051774779889e-05
-5.2726274994901182e-05
-5.3159026284514282e-05
-5.3594947170633547e-05
-5.4005452752562433e-05
-5.3485981465049607e-05
-5.3902309884787989e-05
-5.4320725777099412e-05
-5.4713776302120402e-05
-5.5055760793437167e-05
-5.5324444146240234e-05
-5.4495540580280727e-05
-5.4863211296912584e-05
-5.5201216078303507e-05
-5.5487542956691793e-05
-5.5775112940173598e-05
-5.6068763929967108e-05
-5.5265611024267845e-05
-5.5510526415558939e-05
-5.5827921904534774e-05
-5.6196905136169163e-05
-5.6593068965494677e-05
-5.6990114887526760e-05
-5.5592911433082021e-05
-5.5947517241909973e-05
-5.6351427567971564e-05
-5.6777793016233920e-05
-5.7198239822502152e-05
-5.7584764155373218e-05
-5.5973277629403233e-05
-5.6366958636765627e-05
-5.6783699398075772e-05
-5.7195681344056001e-05
-5.7575450208672375e-05
-5.7897747053528147e-05
-5.6446725075820221e-05
-5.6823995582876788e-05
-5.7191049152536501e-05
-5.7523423763912976e-05
-5.7799065118129788e-05
-5.6963805607897886e-05
-5.7211033486137174e-05
-5.5503991258378122e-05
-5.5193454502378602e-05
-5.5467531416562349e-05
-5.4746738440647938e-05
-5.4098362992112933e-05
-5.4344776133184699e-05
-5.4657009844146374e-05
-5.5014154806053107e-05
-5.5392222593538512e-05
-5.5765739248176981e-05
-5.3684557166297294e-05
-5.3970095038260973e-05
-5.4323514724251348e-05
-5.4721024317612086e-05
-5.5135854333934353e-05
-5.5540040338194143e-05
-5.5906287993578512e-05
-5.3764325928074449e-05
-5.4161178633861310e-05
-5.4578006389564867e-05
-5.4986666350084728e-05
-5.5359591528379186e-05
-5.5671627532813944e-05
-5.3460166716278051e-05
-5.3831789356761392e-05
-5.4217067627340549e-05
-5.4589932331005370e-05
-5.4925224363234900e-05
-5.5200367898485385e-05
-5.3580616542152684e-05
-5.3873009684907855e-05
-5.4136396056266110e-05
-5.3373171743374715e-05
-5.1271318441769201e-05
-5.1728332752496201e-05
-5.2242664670210837e-05
-5.2780408837282218e-05
-5.3306050430362456e-05
-5.2544695483863707e-05
-5.3076305194580279e-05
-5.3615566432885731e-05
-5.4126839389170567e-05
-5.4576389468927649e-05
-5.3954335421571668e-05
-5.4440770024541858e-05
-5.4892540325862350e-05
-5.5067361966181169e-05
-5.5691225871236102e-05
-5.6131788441469842e-05
-5.5444224702104315e-05
-5.5907998811429329e-05
-5.6417935953745502e-05
-5.6939998582244114e-05
-5.7439287232348885e-05
-5.5685346607622161e-05
-5.6179567501557884e-05
-5.6707285065017413e-05
-5.7233192153206506e-05
-5.7722116091651402e-05
-5.8141377616214242e-05
-5.6340370952113488e-05
-5.6830007941755065e-05
-5.7311118563064369e-05
-5.7751489388094173e-05
-5.6976390092481156e-05
-5.7378864279678321e-05
-5.5104398127763721e-05
-5.5520643549066756e-05
-5.4269551381825491e-05
-5.4723568275635395e-05
-5.5217978083077729e-05
-5.5719418448632881e-05
-5.6193990847764157e-05
-5.3619497007366329e-05
-5.4046488458283719e-05
-5.4536170635763292e-05
-5.5055446409126577e-05
-5.5569231496108805e-05
-5.6042805165861355e-05
-5.6444136794600499e-05
-5.4108048620230425e-05
-5.4601076629233498e-05
-5.5084066020526194e-05
-5.5524357676079603e-05
-5.3904745065742966e-05
-5.4340140606000494e-05
-5.4754504536065214e-05
-5.1271336265549840e-05
-5.1728355189051406e-05
-5.2242690185341793e-05
-5.2780435686282888e-05
-5.3306076777430721e-05
-5.2544721189083330e-05
-5.3076332026173446e-05
-5.3615592556391949e-05
-5.4126863018675298e-05
-5.4576408989209985e-05
-5.3954361216696513e-05
-5.4440793083961555e-05
-5.4892559073519849e-05
-5.5067380133078904e-05
-5.5691243505207513e-05
-5.6131810507768230e-05
-5.5444242865093203e-05
-5.5908021225627627e-05
-5.6417961087559186e-05
-5.6940024718369631e-05
-5.7439312585131509e-05
-5.5685369258774687e-05
-5.6179592721301726e-05
-5.6707311130276867e-05
-5.7233217283263531e-05
-5.7722138569838981e-05
-5.8141395907244059e-05
-5.6340396901990060e-05
-5.6830032760759440e-05
-5.7311140555896018e-05
-5.7751507052707116e-05
-5.6976411717656527e-05
-5.7378881476664384e-05
-5.5104414936119731e-05
-5.5520664719426594e-05
-5.4269568611762823e-05
-5.4723589725757977e-05
-5.5218002288386757e-05
-5.5719443756045974e-05
-5.6194015529042175e-05
-5.3619514540553722e-05
-5.4046510106303122e-05
-5.4536194920185218e-05
-5.5055471671530583e-05
-5.5569256011383611e-05
-5.6042827260037365e-05
-5.6444154959185617e-05
-5.4108073813984253e-05
-5.4601100918285570e-05
-5.5084087746417787e-05
-5.5524375355484073e-05
-5.3904769182113481e-05
-5.4340162055431714e-05
-5.4754521854149138e-05
-5.5194987983007811e-05
-5.5620948117749471e-05
-5.5078535165074111e-05
-5.5513775126504847e-05
-5.5980027879083546e-05
-5.6446328141637948e-05
-5.6881691406528554e-05
-5.5420257745710295e-05
-5.5861343504572828e-05
-5.6323581657653774e-05
-5.6776237896155764e-05
-5.6583096149096914e-05
-5.6394411088463362e-05
-5.5746896207603949e-05
-5.6204296576523024e-05
-5.6655779550053008e-05
-5.7071013089680865e-05
-5.5227281791104568e-05
-5.5669815700652048e-05
-5.6129053339043994e-05
-5.6574139863014417e-05
-5.5387116971657332e-05
-5.2007209754700248e-05
-5.2442068954862487e-05
-5.5195002402991905e-05
-5.5620977213465251e-05
-5.5078551476154703e-05
-5.5513805862408429e-05
-5.5980070937481240e-05
-5.6446380578225944e-05
-5.6881749636383079e-05
-5.5420289648516544e-05
-5.5861387455459710e-05
-5.6323634651577950e-05
-5.6776296310359482e-05
-5.6583154739206336e-05
-5.6394439378054803e-05
-5.5746925746899709e-05
-5.6204338082522080e-05
-5.6655830186417087e-05
-5.7071069396707276e-05
-5.5227312231417206e-05
-5.5669857889965025e-05
-5.6129104394587231e-05
-5.6574196296671067e-05
-5.5387168545205729e-05
-5.2007248337134912e-05
-5.2442117026278035e-05
-5.1611526765334407e-05
-5.1941488467596005e-05
-5.2314134839401791e-05
-5.2705249773763668e-05
-5.3089345475869591e-05
-5.2599523823557361e-05
-5.2984875886324122e-05
-5.3384073834470780e-05
-5.3771054367660585e-05
-5.4120579889360316e-05
-5.3704151032684968e-05
-5.4069693614152767e-05
-5.4425881392614216e-05
-5.4749516579456458e-05
-5.5019644532533671e-05
-5.4593352301030109e-05
-5.4891274786628402e-05
-5.5870085990701083e-05
-5.5727906825492454e-05
-5.6017617535323065e-05
-5.6333385845289988e-05
-5.5474039236576320e-05
-5.5755656269687821e-05
-5.6093001312668100e-05
-5.6463819930384003e-05
-5.6843580752284273e-05
-5.7207107364646338e-05
-5.5858131054017945e-05
-5.6212971322287532e-05
-5.6598978570031853e-05
-5.6990527780256539e-05
-5.7361625190312269e-05
-5.7687639815356984e-05
-5.6216771618999373e-05
-5.6573989681939288e-05
-5.6940124943274368e-05
-5.7290817092098289e-05
-5.7602799806156073e-05
-5.7855445462425574e-05
-5.6597980038923022e-05
-5.6913431848921012e-05
-5.7212559840625383e-05
-5.7475542522978413e-05
-5.6908730194246896e-05
-5.5492511046286828e-05
-5.5696040647554214e-05
-5.5426666824260686e-05
-5.5723067738086253e-05
-5.4701309989237733e-05
-5.4942638582812467e-05
-5.4082603512020233e-05
-5.4297011174338912e-05
-5.4580117977109652e-05
-5.4912970905203645e-05
-5.5273253298593090e-05
-5.5636763423226085e-05
-5.5979022592297791e-05
-5.3921381324962459e-05
-5.4226282081782661e-05
-5.4581568308363556e-05
-5.4963321395640003e-05
-5.5345848779816789e-05
-5.5703392969113513e-05
-5.6011845751937583e-05
-5.4003599870289656e-05
-5.4366799025373007e-05
-5.4735933142356297e-05
-5.5086116993568093e-05
-5.5393777388157783e-05
-5.5638217024040189e-05
-5.3662517328595329e-05
-5.3985685593345542e-05
-5.4312002348617866e-05
-5.4619425077372336e-05
-5.4887263660584215e-05
-5.5097548272687245e-05
-5.3603955017531414e-05
-5.3829102456722274e-05
-5.4028243017064065e-05
-5.1295892001222210e-05
-5.1637687847926045e-05
-5.2042946201935713e-05
-5.2485220278963137e-05
-5.2935523115382738e-05
-5.2333772266125406e-05
-5.2772073612954452e-05
-5.3238773681890486e-05
-5.3703192911635543e-05
-5.4134798237823897e-05
-5.3570051798386087e-05
-5.4013829239767442e-05
-5.4452072729922372e-05
-5.4855974487767636e-05
-5.5199092854144659e-05
-5.4628192749416701e-05
-5.5005682389108984e-05
-5.5343770929866042e-05
-5.5571745116508106e-05
-5.5428565419485753e-05
-5.5709784658594221e-05
-5.6038100341221444e-05
-5.5173709404412006e-05
-5.5449355179208707e-05
-5.5801661471184091e-05
-5.6207350527987515e-05
-5.6639507219499079e-05
-5.7069373911297986e-05
-5.5569875495717762e-05
-5.5961120481963953e-05
-5.6400741390137855e-05
-5.6859449096413160e-05
-5.7306660432138560e-05
-5.7712543502709918e-05
-5.6026268684748443e-05
-5.6451643240900200e-05
-5.6894293411318477e-05
-5.7324631049108824e-05
-5.7713948601349775e-05
-5.8036335729034577e-05
-5.6558831800734421e-05
-5.6953715572768772e-05
-5.7329523260468137e-05
-5.7661195675248271e-05
-5.7926727464268539e-05
-5.7100410204945504e-05
-5.5407926998245052e-05
-5.5128480428139665e-05
-5.5435939185097714e-05
-5.4653532143089989e-05
-5.4007283481546566e-05
-5.4283066430580528e-05
-5.4628884353114569e-05
-5.5021534284076529e-05
-5.5434603027557025e-05
-5.5840226389143747e-05
-5.3625260711619620e-05
-5.3944519872484570e-05
-5.4333407490148256e-05
-5.4765709515203685e-05
-5.5212280522879258e-05
-5.5642988663906216e-05
-5.6028728781812221e-05
-5.3812001176572131e-05
-5.4240105176910024e-05
-5.4682794978265125e-05
-5.5110161977271432e-05
-5.5493362204996179e-05
-5.5806540257652147e-05
-5.3540910945701344e-05
-5.3937903558594355e-05
-5.4341306560442478e-05
-5.4723813497344226e-05
-5.5059607381155891e-05
-5.5326078762175200e-05
-5.3714601825185980e-05
-5.4006658457651994e-05
-5.4260584578574179e-05
-5.3496212306512808e-05
-5.1530982478396561e-05
-5.1833498088126167e-05
-5.2186082908553935e-05
-5.2565892328384478e-05
-5.2948211145276239e-05
-5.2469991659478744e-05
-5.2845108881114750e-05
-5.3243627793806197e-05
-5.3639530956411981e-05
-5.4006969997679981e-05
-5.3564809077847854e-05
-5.3940612455376265e-05
-5.4315884016721754e-05
-5.4666120660032809e-05
-5.4968548555444673e-05
-5.4486095131354522e-05
-5.4811258053159029e-05
-5.5110305653070670e-05
-5.5824998811581470e-05
-5.5679829878670415e-05
-5.5937616922566895e-05
-5.6226929554708712e-05
-5.5422142916427308e-05
-5.5672495408858080e-05
-5.5984259266844902e-05
-5.6336927482752693e-05
-5.6707208268108913e-05
-5.7070572231902780e-05
-5.5747804141645355e-05
-5.6085256984702211e-05
-5.6462602780708712e-05
-5.6854807646859203e-05
-5.7235832266544476e-05
-5.7580366582464126e-05
-5.6080515351326526e-05
-5.6439447475047758e-05
-5.6816487213438437e-05
-5.7186528574118134e-05
-5.7524982646261859e-05
-5.7809412772424085e-05
-5.6475991529554870e-05
-5.6811384379069212e-05
-5.7137422182381663e-05
-5.7432444626529200e-05
-5.7676948516906032e-05
-5.6869470172770279e-05
-5.7086485758108002e-05
-5.5653591640360636e-05
-5.5350744930591486e-05
-5.5621200741594464e-05
-5.4897081973229203e-05
-5.4249195721748916e-05
-5.4501683332966328e-05
-5.4809274718467799e-05
-5.5151378061857293e-05
-5.5505032683545626e-05
-5.5846432392057408e-05
-5.3841131113927598e-05
-5.4121279761963472e-05
-5.4458985140616109e-05
-5.4831528881037818e-05
-5.5213846863629855e-05
-5.5580195329389585e-05
-5.5905864190173646e-05
-5.3871778502949002e-05
-5.4235616510623712e-05
-5.4614346849256249e-05
-5.4982428495935033e-05
-5.5315065560138645e-05
-5.5589854707938369e-05
-5.3531971606680527e-05
-5.3865315785909601e-05
-5.4210026774678535e-05
-5.4542805595726237e-05
-5.4841230322230864e-05
-5.5085242301386019e-05
-5.3530098549066711e-05
-5.3786132602921241e-05
-5.4019092065009424e-05
-5.3254284051473907e-05
-5.3212335566215289e-05
-5.3584574491805826e-05
-5.4701978916154914e-05
-5.5070353605972688e-05
-5.4289527699774978e-05
-5.4577956260501762e-05
-5.4960422163155686e-05
-5.5411656794488834e-05
-5.5901719016697763e-05
-5.6397997592353135e-05
-5.4865366606404147e-05
-5.5295081642395378e-05
-5.5784583451241673e-05
-5.6301272096833199e-05
-5.6810717234132064e-05
-5.7278967217151656e-05
-5.7151029138922431e-05
-5.7583690074381658e-05
-5.7935416147566995e-05
-5.6119925345696900e-05
-5.6612942351306057e-05
-5.6914136672408800e-05
-5.7325871487439143e-05
-5.7686067032178531e-05
-5.7443514631653602e-05
-5.5683958926940080e-05
-5.5212272400413613e-05
-5.5508514020620038e-05
-5.5861214880307645e-05
-5.4536834303215050e-05
-5.4831043355609458e-05
-5.5212008826039040e-05
-5.5654246001086796e-05
-5.6128090850294032e-05
-5.6601681275390359e-05
-5.4344199413350016e-05
-5.4691389416042952e-05
-5.5121608201741652e-05
-5.5605930440820623e-05
-5.6111785701730841e-05
-5.6605138419409308e-05
-5.7052767642192944e-05
-5.6938185492359675e-05
-5.7275109728012588e-05
-5.4870208861319571e-05
-5.5345456107153632e-05
-5.5837767297280971e-05
-5.6313947601798218e-05
-5.5236096019647614e-05
-5.5678498069951471e-05
-5.6095258948341899e-05
-5.6458304194894467e-05
-5.6743262529024001e-05
-5.5438673078670199e-05
-5.5766184714392993e-05
-5.2319126276700649e-05
-5.1542108058511448e-05
-5.1814249336606729e-05
-5.2136744254833581e-05
-5.0398624329401180e-05
-5.0682727281997030e-05
-5.1048117393882345e-05
-5.1470073670612749e-05
-5.1919995548621408e-05
-5.2367310928066404e-05
-5.4762332139569241e-05
-5.5202077239326403e-05
-5.4718724714523378e-05
-5.5173448038594684e-05
-5.5660327086076966e-05
-5.6147016972103040e-05
-5.5088009187989479e-05
-5.5551845030768365e-05
-5.6043215357540535e-05
-5.6529412662541495e-05
-5.6978111522450382e-05
-5.5951699119244728e-05
-5.6409201608338817e-05
-5.6850417356690358e-05
-5.5999322643510084e-05
-5.6421477265199584e-05
-5.5515204134757640e-05
-5.5963924296024422e-05
-5.6437490944012774e-05
-5.6904098865628963e-05
-5.4895292149689222e-05
-5.5306380972392151e-05
-5.5771306354983149e-05
-5.6258801460918650e-05
-5.6736109206963656e-05
-5.7171175111321472e-05
-5.5292306773177524e-05
-5.5740584369192072e-05
-5.6200269355728657e-05
-5.6640428133457546e-05
-5.3003904029717121e-05
-5.2239843036386447e-05
-5.2694378197096870e-05
-5.3139185483078143e-05
-5.1113254134305691e-05
-5.1574651260178643e-05
-5.2056448703319208e-05
-5.2525978018795151e-05
-5.2951392004784680e-05
-5.1384779845204331e-05
-5.1717552882610543e-05
-5.2108325516865778e-05
-5.2531641651082509e-05
-5.2959810879557550e-05
-5.2397084601514081e-05
-5.2816038502566726e-05
-5.3260383594652450e-05
-5.3700969013023716e-05
-5.4108891421170187e-05
-5.3588179370271019e-05
-5.4008110781906898e-05
-5.4422897891526059e-05
-5.4805336497596688e-05
-5.5130452042396288e-05
-5.4596681502483133e-05
-5.4953057670111126e-05
-5.5273628499238633e-05
-5.5661560485577846e-05
-5.5518151978258699e-05
-5.5796205229940937e-05
-5.6115448152378293e-05
-5.5262908226593393e-05
-5.5534681240624595e-05
-5.5877283239217854e-05
-5.6268099786824044e-05
-5.6681232219023404e-05
-5.7089223026984903e-05
-5.5644185710869722e-05
-5.6020195467254215e-05
-5.6440544002388812e-05
-5.6877259173611796e-05
-5.7301260587685286e-05
-5.7684302176053804e-05
-5.6063546894832502e-05
-5.6466797973035574e-05
-5.6886288724441223e-05
-5.7294013252553952e-05
-5.7662808776741588e-05
-5.7968166674124533e-05
-5.6548934465441721e-05
-5.6921385990764876e-05
-5.7276969292772780e-05
-5.7592006509338167e-05
-5.7845628239898146e-05
-5.7029953402177287e-05
-5.5494869184526695e-05
-5.5212488198695363e-05
-5.5511460027867190e-05
-5.4740221167209717e-05
-5.4093755419413213e-05
-5.4366231507081471e-05
-5.4703062166406295e-05
-5.5081658418395756e-05
-5.5476567072595751e-05
-5.5861164368459306e-05
-5.3707780360432753e-05
-5.4017688568477282e-05
-5.4392227938818459e-05
-5.4806164458402493e-05
-5.5231607087898100e-05
-5.5639867007654371e-05
-5.6003372134894411e-05
-5.3850470914097093e-05
-5.4257321379504930e-05
-5.4677581889286645e-05
-5.5082875545861241e-05
-5.5445865675340543e-05
-5.5742076790686273e-05
-5.3556571021090696e-05
-5.3931154149337571e-05
-5.4312608447732706e-05
-5.4675126198139965e-05
-5.4994255229018966e-05
-5.5248523773537038e-05
-5.3664370024310047e-05
-5.3940162414729169e-05
-5.4182364221002469e-05
-5.3417516683814793e-05
-5.1408329687108160e-05
-5.1707044588866980e-05
-5.2064476735609683e-05
-5.2457449793802725e-05
-5.2860348065410585e-05
-5.2349707627195653e-05
-5.2738853363520685e-05
-5.3158666531884551e-05
-5.3581673337722561e-05
-5.3980171858077352e-05
-5.3483716723977852e-05
-5.3887246066120985e-05
-5.4293892101589178e-05
-5.4677006563209149e-05
-5.5011567882063245e-05
-5.5275848145218854e-05
-5.4467611159759728e-05
-5.4825605495281943e-05
-5.5156503690165977e-05
-5.5438779311688017e-05
-5.5817596761165709e-05
-5.6103608719508767e-05
-5.5312258648694939e-05
-5.5552091458634299e-05
-5.5861563915196561e-05
-5.6220325122340339e-05
-5.6604666472785877e-05
-5.6989097327784022e-05
-5.5625653379977303e-05
-5.5969897828248182e-05
-5.6361917421462595e-05
-5.6775675242316290e-05
-5.7183658941734840e-05
-5.7558716154232128e-05
-5.5982324270340025e-05
-5.6363418758503123e-05
-5.6767814627889966e-05
-5.7168536641529566e-05
-5.7538899659989874e-05
-5.7854287106608194e-05
-5.6429900519994868e-05
-5.6796069243879500e-05
-5.7153928388962827e-05
-5.7479643835827971e-05
-5.7751615910849526e-05
-5.6919645483554494e-05
-5.7163559426389654e-05
-5.5550199720162387e-05
-5.5234919279906429e-05
-5.5501741170221648e-05
-5.4792517403383552e-05
-5.4143810723940915e-05
-5.4385526115332718e-05
-5.4690278957237667e-05
-5.5037670915901443e-05
-5.5404379719446465e-05
-5.5765707220620193e-05
-5.3724769634678643e-05
-5.4002663619622452e-05
-5.4346215193188062e-05
-5.4732306417174007e-05
-5.5134947636638117e-05
-5.5527006829613764e-05
-5.5882017784102659e-05
-5.3774461734643749e-05
-5.4159130919058954e-05
-5.4563914993594665e-05
-5.4961493532873604e-05
-5.5325056201573543e-05
-5.5630087807522200e-05
-5.3457280623664802e-05
-5.3816923862473063e-05
-5.4191237778057968e-05
-5.4554901816307496e-05
-5.4883385024241056e-05
-5.5154576338951160e-05
-5.3544948226334807e-05
-5.3830790691696909e-05
-5.4090508806653438e-05
-5.3327223070835227e-05
-5.1412672656355416e-05
-5.1775857163080083e-05
-5.2194322997611020e-05
-5.2640710536501832e-05
-5.2063570418965574e-05
-5.2480298381647473e-05
-5.2945376356159984e-05
-5.3428234736163183e-05
-5.3897078328302397e-05
-5.3278932116488799e-05
-5.3743946229516863e-05
-5.4221876566541454e-05
-5.4681200696103027e-05
-5.5091686562397664e-05
-5.5426415940258250e-05
-5.4403704994736621e-05
-5.4837955952166219e-05
-5.5244268430570742e-05
-5.5595960973628979e-05
-5.5688417020197331e-05
-5.5543343920186451e-05
-5.5816267498121522e-05
-5.5276296759794388e-05
-5.5575033370308370e-05
-5.5942641186282516e-05
-5.6354806068169633e-05
-5.6784135083342174e-05
-5.5339921572947003e-05
-5.5694677109638675e-05
-5.6116015303522023e-05
-5.6575895034255694e-05
-5.7043651624773050e-05
-5.7488047807771816e-05
-5.5741768950187826e-05
-5.6170527084280640e-05
-5.6635766043963020e-05
-5.7106353009357807e-05
-5.7550829151014655e-05
-5.7939514451591355e-05
-5.6303734784488686e-05
-5.6740106778342701e-05
-5.7171992307994243e-05
-5.7570500051971740e-05
-5.7909058017634504e-05
-5.7017725904862437e-05
-5.7327020048806787e-05
-5.4970533265383014e-05
-5.5223672881340256e-05
-5.4119856594145470e-05
-5.4412779849274506e-05
-5.4767296365807281e-05
-5.5159596422920652e-05
-5.5563233165758799e-05
-5.3458248092210108e-05
-5.3725674294361888e-05
-5.4077676423718027e-05
-5.4490558759345781e-05
-5.4936501243359553e-05
-5.5385413880671874e-05
-5.5806947049470320e-05
-5.3536770478590871e-05
-5.3966018199344942e-05
-5.4428568308559095e-05
-5.4893154993419240e-05
-5.5328391539540261e-05
-5.5704868073881109e-05
-5.3268140015192832e-05
-5.3686205035167935e-05
-5.4127866689845060e-05
-5.4563205118942725e-05
-5.4962794842980930e-05
-5.5299669424304374e-05
-5.5551116901874761e-05
-5.3559754343764557e-05
-5.3916238518511565e-05
-5.4240763402578669e-05
-5.4511424699289185e-05
-5.3481255706848164e-05
-5.3710848457743359e-05
