5.056341838619049e-16
-1.059157012724359e-15
-3.044589303284418e-17
-5.864795881928455e-09
-8.206539831814659e-09
-2.128736303961121e-10
3.653564529449529e-13
-1.482291400041768e-06
-4.227790330725529e-13
-4.559569646331769e-13
2.855520230215995e-16
3.439713527123826e-07
-1.437044721723514e-06
1.396570278565033e-06
6.687728526343582e-07
-9.563058367445689e-07
1.372407831786464e-06
-1.338815355359460e-06
-1.190546187410144e-06
-9.412323903060631e-08
4.409227852175356e-07
1.133579337519405e-07
-4.743865325894376e-07
-4.300274544118975e-07
-1.834308692247725e-07
4.678497164519117e-07
2.204338960759353e-07
2.650710496857819e-07
-4.177940790654265e-07
-3.152940443755720e-07
4.653714964198416e-07
-4.151707399445369e-07
-4.152508492713362e-07
4.650781796619393e-07
4.615823692068044e-07
4.008604684123507e-07
3.351155062850188e-07
-4.619093271688519e-07
-3.926817171186967e-07
