# Observation conducted on 2020.05.29 at Hh rev. 2 
# Base frequency: 0.00 MHz dF: 0.2 Hz dT: 0.00025 s 
# Format: Modified JD   |       Time(UTC) [s]    | Signal-to-Noise ratio  |      Spectral max      |  Freq. detection [Hz]  |  Doppler noise [Hz] 
# 
5.899800000000000000e+04 3.120500000000000000e+04 7.639067859001303873e+01 4.742724927501878085e+01 3.962973326175241265e+06 2.861441871118586278e-03
5.899800000000000000e+04 3.121500000000000000e+04 8.064241427051284461e+01 4.495529683634499207e+01 3.962967503962022718e+06 -6.386009068478415429e-03
5.899800000000000000e+04 3.122500000000000000e+04 8.354834998115033784e+01 5.034558579093254593e+01 3.962961692642555106e+06 -6.385942214706119557e-03
5.899800000000000000e+04 3.123500000000000000e+04 7.875472915333610047e+01 4.356531500370291354e+01 3.962955885321786627e+06 -4.073035484793763317e-03
5.899800000000000000e+04 3.124500000000000000e+04 8.592128301739433027e+01 4.931723686887641378e+01 3.962950079203495290e+06 -2.281324391333328094e-03
5.899800000000000000e+04 3.125500000000000000e+04 7.491439885891988126e+01 4.398424143067883563e+01 3.962944279166349210e+06 3.831813882243295666e-03
5.899800000000000000e+04 3.126500000000000000e+04 7.622660449878750910e+01 4.951749262503277293e+01 3.962938490047374740e+06 1.906908242756344407e-02
5.899800000000000000e+04 3.127500000000000000e+04 7.969843565324492829e+01 5.176448015069760800e+01 3.962932667635081336e+06 -8.136544652188604232e-04
5.899800000000000000e+04 3.128500000000000000e+04 8.788563919425523352e+01 4.981147936443510815e+01 3.962926867729688995e+06 -4.719056357771478361e-05
5.899800000000000000e+04 3.129500000000000000e+04 8.510201319220620064e+01 5.094688847237477347e+01 3.962921061922147404e+06 -7.070005392051825766e-03
5.899800000000000000e+04 3.130500000000000000e+04 8.935820429572299872e+01 4.877649077285516910e+01 3.962915268873513211e+06 -3.248927472441209829e-03
5.899800000000000000e+04 3.131500000000000000e+04 9.829799646029138671e+01 5.811732069716054383e+01 3.962909482070120052e+06 4.875983386455118307e-03
5.899800000000000000e+04 3.132500000000000000e+04 7.599431192905093724e+01 4.409258231310606391e+01 3.962903687518747989e+06 3.286565690018505848e-03
5.899800000000000000e+04 3.133500000000000000e+04 7.119833889209638755e+01 4.088340875842159505e+01 3.962897907314459328e+06 1.405434336857069866e-02
5.899800000000000000e+04 3.134500000000000000e+04 7.438597990916890978e+01 4.733620296385318937e+01 3.962892104157644324e+06 -1.424718275302438997e-04
5.899800000000000000e+04 3.135500000000000000e+04 4.898509157885326459e+01 3.102842192126414744e+01 3.962886319158686325e+06 1.785636816407532024e-03
5.899800000000000000e+04 3.136500000000000000e+04 6.332365608710499316e+01 4.266483516543984678e+01 3.962880527760069817e+06 -4.738443192422892025e-03
5.899800000000000000e+04 3.137500000000000000e+04 8.669665365162400406e+01 4.866443597216010630e+01 3.962874740907763131e+06 -8.787120166289241752e-03
5.899800000000000000e+04 3.138500000000000000e+04 8.377631668746762728e+01 4.896983679493457231e+01 3.962868977237740532e+06 8.258381292307603871e-03
5.899800000000000000e+04 3.139500000000000000e+04 6.192508130610858785e+01 3.859829270615959729e+01 3.962863179830408655e+06 -1.053759922615427058e-02
5.899800000000000000e+04 3.140500000000000000e+04 1.086882570772267655e+02 5.607556946523054364e+01 3.962857416143467184e+06 2.267656535991591227e-03
5.899800000000000000e+04 3.141500000000000000e+04 7.859700113982231073e+01 4.335308552988079356e+01 3.962851648864752147e+06 9.348043541649531107e-03
5.899800000000000000e+04 3.142500000000000000e+04 7.987920807915054411e+01 4.766997249043301821e+01 3.962845857539735269e+06 -9.763913202391449886e-03
5.899800000000000000e+04 3.143500000000000000e+04 6.915327888144381063e+01 4.328032459782043873e+01 3.962840094686640427e+06 -2.561986387377146457e-03
5.899800000000000000e+04 3.144500000000000000e+04 8.347970014113150228e+01 5.061536644130919171e+01 3.962834337387178559e+06 8.024443116937618470e-03
5.899800000000000000e+04 3.145500000000000000e+04 7.585414503655702845e+01 4.355707749054440114e+01 3.962828565876382403e+06 2.220172861825631117e-03
5.899800000000000000e+04 3.146500000000000000e+04 9.176811057986044773e+01 5.286621165129542277e+01 3.962822805159725714e+06 5.021256171289678605e-03
5.899800000000000000e+04 3.147500000000000000e+04 9.819134236843254371e+01 5.895930675314489378e+01 3.962817029736113735e+06 -9.082054938971850788e-03
5.899800000000000000e+04 3.148500000000000000e+04 7.554457511700829286e+01 4.588825863214238865e+01 3.962811274983087089e+06 -4.720152258641974186e-03
5.899800000000000000e+04 3.149500000000000000e+04 8.680965609844190567e+01 5.033483467793825383e+01 3.962805514167709742e+06 -8.633225519361076294e-03
5.899800000000000000e+04 3.150500000000000000e+04 7.420087250412643698e+01 4.466568279311957923e+01 3.962799776471994817e+06 8.354113817972574907e-03
5.899800000000000000e+04 3.151500000000000000e+04 6.637556210662941680e+01 4.753949945290595736e+01 3.962794019876877312e+06 4.216763441149851133e-03
5.899800000000000000e+04 3.152500000000000000e+04 8.984094082431627726e+01 4.810440094023017821e+01 3.962788277745049912e+06 1.231191792578556488e-02
5.899800000000000000e+04 3.153500000000000000e+04 8.570739602427643433e+01 4.786900092674486729e+01 3.962782513228302356e+06 -4.213636044823942939e-03
5.899800000000000000e+04 3.154500000000000000e+04 9.263328467182927284e+01 4.933173646850293181e+01 3.962776774158418644e+06 2.467331677280526492e-03
5.899800000000000000e+04 3.155500000000000000e+04 9.242498140573232490e+01 5.051244463032458043e+01 3.962771027942862827e+06 -2.418645998432111810e-04
5.899800000000000000e+04 3.156500000000000000e+04 8.597828161994941354e+01 5.255903581552019688e+01 3.962765282634959556e+06 -4.291692142487590900e-03
5.899800000000000000e+04 3.157500000000000000e+04 9.140666542243370429e+01 5.196353613958921613e+01 3.962759545577848330e+06 -2.342491689319103898e-03
5.899800000000000000e+04 3.158500000000000000e+04 9.815973024745913733e+01 5.852555245382887250e+01 3.962753807646857109e+06 -3.522144965813822637e-03
5.899800000000000000e+04 3.159500000000000000e+04 8.486651339452578213e+01 4.967057048809189723e+01 3.962748082011519000e+06 5.335889504067381495e-03
5.899800000000000000e+04 3.160500000000000000e+04 9.284451408601485412e+01 4.864006151722785631e+01 3.962742345678111538e+06 1.235077040860232955e-03
5.899800000000000000e+04 3.161500000000000000e+04 5.929551334161585885e+01 4.332553052224258039e+01 3.962736618379903957e+06 3.906003418592263188e-03
5.899800000000000000e+04 3.162500000000000000e+04 7.524937043670261971e+01 4.174309039339514271e+01 3.962730885830553714e+06 -9.402708308243745705e-04
5.899800000000000000e+04 3.163500000000000000e+04 8.391728625831269994e+01 5.689197762712579021e+01 3.962725171833560802e+06 1.049719719378572336e-02
5.899800000000000000e+04 3.164500000000000000e+04 6.235396367120575434e+01 3.947798253489229126e+01 3.962719418770666234e+06 -1.940241424154010019e-02
5.899800000000000000e+04 3.165500000000000000e+04 7.532028875754643593e+01 4.351305933128023185e+01 3.962713722997270525e+06 5.713681265547165822e-03
5.899800000000000000e+04 3.166500000000000000e+04 8.520381863495245511e+01 4.691263720980006013e+01 3.962707966189494822e+06 -3.248110504216583649e-02
5.899800000000000000e+04 3.167500000000000000e+04 6.520383743724384829e+01 4.363771557139305912e+01 3.962702271659870632e+06 -1.067709433573327260e-02
5.899800000000000000e+04 3.168500000000000000e+04 8.171224130066778457e+01 4.706918194060310867e+01 3.962696555664782878e+06 -1.262094172966499173e-02
5.899800000000000000e+04 3.169500000000000000e+04 8.436106857854940699e+01 4.928052137876866112e+01 3.962690854903221596e+06 -1.616929037368208810e-03
5.899800000000000000e+04 3.170500000000000000e+04 8.413485516551179444e+01 4.735654540722703842e+01 3.962685147369570564e+06 3.257762099337924155e-04
5.899800000000000000e+04 3.171500000000000000e+04 8.133828617305749731e+01 5.345700838242196085e+01 3.962679455628732219e+06 1.576820095522180054e-02
5.899800000000000000e+04 3.172500000000000000e+04 8.432106708256706895e+01 4.593283698698697748e+01 3.962673726320679300e+06 -8.653925518046889920e-03
5.899800000000000000e+04 3.173500000000000000e+04 9.801389180133898549e+01 5.472977029393135950e+01 3.962668030453380197e+06 -1.937294934464262042e-03
5.899800000000000000e+04 3.174500000000000000e+04 8.454344408913496522e+01 5.591961212351790778e+01 3.962662334724150598e+06 2.610289739777726936e-03
5.899800000000000000e+04 3.175500000000000000e+04 7.266350748160030548e+01 4.180352551225446689e+01 3.962656632648234721e+06 -1.501552962849928008e-03
5.899800000000000000e+04 3.176500000000000000e+04 1.042971611866889532e+02 4.996854125779803013e+01 3.962650939403072465e+06 8.984401110865292139e-04
5.899800000000000000e+04 3.177500000000000000e+04 8.960023809235940462e+01 4.729976097555021397e+01 3.962645230584559496e+06 -1.460060800684459537e-02
5.899800000000000000e+04 3.178500000000000000e+04 8.802782255407589673e+01 5.066383059868139327e+01 3.962639555685127620e+06 1.486319085756804270e-03
5.899800000000000000e+04 3.179500000000000000e+04 1.127188745163736883e+02 6.500521103437671400e+01 3.962633869642004836e+06 4.088345493073575199e-03
5.899800000000000000e+04 3.180500000000000000e+04 1.089626325731110654e+02 6.455174232796997558e+01 3.962628185959200375e+06 6.700643752196810965e-03
5.899800000000000000e+04 3.181500000000000000e+04 7.559927400648473395e+01 4.357117866921520033e+01 3.962622489093824290e+06 -6.229290199826209573e-03
5.899800000000000000e+04 3.182500000000000000e+04 8.667481196748785521e+01 4.485441047987647778e+01 3.962616822800542228e+06 9.042770530413690722e-03
5.899800000000000000e+04 3.183500000000000000e+04 8.422235822901789959e+01 4.845817917000169217e+01 3.962611147031783592e+06 1.245794528438182169e-02
5.899800000000000000e+04 3.184500000000000000e+04 8.516144822204866216e+01 5.393046434987815019e+01 3.962605462938799988e+06 5.155262129505899793e-03
5.899800000000000000e+04 3.185500000000000000e+04 8.723100473205521155e+01 5.011642131334609473e+01 3.962599785041070078e+06 1.641016091525671072e-03
5.899800000000000000e+04 3.186500000000000000e+04 1.000878896262704387e+02 5.247507966480588237e+01 3.962594108705862425e+06 -2.731716312041498895e-03
5.899800000000000000e+04 3.187500000000000000e+04 9.710629390515997272e+01 5.594899562241666047e+01 3.962588440559932496e+06 -1.351419768752748496e-03
5.899800000000000000e+04 3.188500000000000000e+04 7.381206068430239498e+01 5.312011168052332266e+01 3.962582787883930374e+06 1.304621586450593895e-02
5.899800000000000000e+04 3.189500000000000000e+04 7.432170515695038659e+01 4.137161397883497926e+01 3.962577123513504863e+06 1.327935758718012949e-02
5.899800000000000000e+04 3.190500000000000000e+04 7.488173594186567072e+01 4.519852073823057736e+01 3.962571443907361478e+06 -4.211957625784634729e-03
5.899800000000000000e+04 3.191500000000000000e+04 6.454704149720924988e+01 3.930757160090850988e+01 3.962565790564127266e+06 2.050993932016353938e-03
5.899800000000000000e+04 3.192500000000000000e+04 8.613136843874562487e+01 4.303056077772823329e+01 3.962560134594283998e+06 3.157512282541574677e-03
5.899800000000000000e+04 3.193500000000000000e+04 7.567910972947565540e+01 4.890426060833622302e+01 3.962554482492276002e+06 5.579535148513059539e-03
5.899800000000000000e+04 3.194500000000000000e+04 9.631067244303008579e+01 5.416427297330862700e+01 3.962548835605748929e+06 1.064083331345955230e-02
5.899800000000000000e+04 3.195500000000000000e+04 5.892003559923979594e+01 3.810530089535201625e+01 3.962543186328866519e+06 1.071027817545200378e-02
5.899800000000000000e+04 3.196500000000000000e+04 7.914167817846808362e+01 4.934692251985276812e+01 3.962537529423009139e+06 5.224980285447600181e-04
5.899800000000000000e+04 3.197500000000000000e+04 7.814797919103055790e+01 4.909477263136310654e+01 3.962531889142710250e+06 4.303768448494338372e-03
5.899800000000000000e+04 3.198500000000000000e+04 8.708098691814224424e+01 5.900204537832428997e+01 3.962526248847095761e+06 5.383404995768614754e-03
5.899800000000000000e+04 3.199500000000000000e+04 7.436970111682155959e+01 4.603956656347055798e+01 3.962520620403321460e+06 1.559715572170716769e-02
5.899800000000000000e+04 3.200500000000000000e+04 1.221993081069987710e+02 6.732794978232774952e+01 3.962514974147081841e+06 5.247665355796016229e-03
5.899800000000000000e+04 3.201500000000000000e+04 9.054395185762081155e+01 5.484040839023068514e+01 3.962509342519756872e+06 6.741574903344371705e-03
5.899800000000000000e+04 3.202500000000000000e+04 8.363594499615921052e+01 4.176143848981077866e+01 3.962503707017858047e+06 1.538923958037230477e-03
5.899800000000000000e+04 3.203500000000000000e+04 5.756841570292035470e+01 3.773133071137420558e+01 3.962498063058776315e+06 -1.498114778621584264e-02
5.899800000000000000e+04 3.204500000000000000e+04 9.253118391051172864e+01 5.559995201470398740e+01 3.962492448191869538e+06 -5.309358185854762269e-03
5.899800000000000000e+04 3.205500000000000000e+04 9.013846849539309858e+01 5.249875724951540690e+01 3.962486834005314391e+06 2.100523706531021162e-03
5.899800000000000000e+04 3.206500000000000000e+04 9.005170614908227833e+01 5.261715199294307155e+01 3.962481196518123150e+06 -1.677635201178873103e-02
5.899800000000000000e+04 3.207500000000000000e+04 8.927632025460688681e+01 5.043758642707661721e+01 3.962475593482221011e+06 -4.233882647326936421e-03
5.899800000000000000e+04 3.208500000000000000e+04 5.952571268149444705e+01 3.886776282491225487e+01 3.962469969504300505e+06 -1.571320445077617478e-02
5.899800000000000000e+04 3.209500000000000000e+04 8.155723362796847198e+01 4.535882540270637264e+01 3.962464372538257390e+06 -3.310303002649561677e-03
5.899800000000000000e+04 3.210500000000000000e+04 8.417381753582809267e+01 5.199244417442817223e+01 3.962458749883012846e+06 -1.977823569063730247e-02
5.899800000000000000e+04 3.211500000000000000e+04 8.368763298557605879e+01 4.968886467294544218e+01 3.962453151477259118e+06 -1.523243255689976650e-02
5.899800000000000000e+04 3.212500000000000000e+04 7.456953662405859973e+01 4.190777375007907324e+01 3.962447541291571222e+06 -2.575862805258566368e-02
5.899800000000000000e+04 3.213500000000000000e+04 6.125208436070280982e+01 3.793371038893236147e+01 3.962441932413641829e+06 -3.832767399444492185e-02
5.899800000000000000e+04 3.214500000000000000e+04 8.146154747390285422e+01 4.465982815363145164e+01 3.962436341422984842e+06 -3.642087963009998930e-02
5.899800000000000000e+04 3.215500000000000000e+04 7.127002919196021935e+01 3.987720679450953298e+01 3.962430784581422340e+06 -3.839571332605373755e-03
5.899800000000000000e+04 3.216500000000000000e+04 6.606496600445588285e+01 3.919371718433872331e+01 3.962425195244896226e+06 -7.293325859109245357e-03
5.899800000000000000e+04 3.217500000000000000e+04 7.863418814178093896e+01 4.280758683984479518e+01 3.962419611839983147e+06 -8.423501248103093531e-03
5.899800000000000000e+04 3.218500000000000000e+04 8.819311275704207276e+01 4.819153506704653012e+01 3.962414030519004446e+06 -1.114817234360998555e-02
5.899800000000000000e+04 3.219500000000000000e+04 6.650828528420180419e+01 3.887175393549845381e+01 3.962408493326141033e+06 2.650393967599029565e-02
5.899800000000000000e+04 3.220500000000000000e+04 7.476824574958972391e+01 4.176804328196045191e+01 3.962402895665186457e+06 -1.388262047612442984e-04
5.899800000000000000e+04 3.221500000000000000e+04 7.871428142472075251e+01 4.438505552533136012e+01 3.962397345300922170e+06 1.661025767009505216e-02
5.899800000000000000e+04 3.222500000000000000e+04 8.933215816742840332e+01 4.815436784768584033e+01 3.962391788007672410e+06 2.244482042260642629e-02
5.899800000000000000e+04 3.223500000000000000e+04 6.490518600348309519e+01 4.061244855769170670e+01 3.962386230826902203e+06 2.432294217021535587e-02
5.899800000000000000e+04 3.224500000000000000e+04 5.792720880254633897e+01 3.877529057895571185e+01 3.962380658739271108e+06 7.139163839042339532e-03
5.899800000000000000e+04 3.225500000000000000e+04 6.973687640442419422e+01 4.195913166751471124e+01 3.962375126298544463e+06 2.535835252388096706e-02
5.899800000000000000e+04 3.226500000000000000e+04 1.019959269892848255e+02 6.034146712207878238e+01 3.962369588938822970e+06 3.432288461124244350e-02
5.899800000000000000e+04 3.227500000000000000e+04 7.489887188891283643e+01 4.925966952813269728e+01 3.962364023915519007e+06 1.119357877064430795e-02
5.899800000000000000e+04 3.228500000000000000e+04 9.389049747223947406e+01 5.314697109610663972e+01 3.962358492705770303e+06 1.735006240835446079e-02
5.899800000000000000e+04 3.229500000000000000e+04 8.254046389338294887e+01 4.456613618161372159e+01 3.962352944472318050e+06 1.854605122503016901e-03
5.899800000000000000e+04 3.230500000000000000e+04 7.585595926470138295e+01 4.955112416510637274e+01 3.962347407500250265e+06 -7.111184462701203302e-03
5.899800000000000000e+04 3.231500000000000000e+04 8.620663301563151037e+01 5.485509377909851025e+01 3.962341868800682016e+06 -2.264272233639985643e-02
5.899800000000000000e+04 3.232500000000000000e+04 8.517118999705121496e+01 5.097145793073098474e+01 3.962336333324528299e+06 -3.989872329395893757e-02
