# Observation conducted on 2020.05.29 at Ir rev. 2 
# Base frequency: 0.00 MHz dF: 0.2 Hz dT: 0.00025 s 
# Format: Modified JD   |       Time(UTC) [s]    | Signal-to-Noise ratio  |      Spectral max      |  Freq. detection [Hz]  |  Doppler noise [Hz] 
# 
5.899800000000000000e+04 3.120500000000000000e+04 3.638112447378730252e+01 2.134472992438427852e+01 3.967446425547473133e+06 6.804368414666214449e+00
5.899800000000000000e+04 3.121500000000000000e+04 4.440530808505135241e+01 2.774414983596490814e+01 3.967441790681411978e+06 4.370174294542380267e+00
5.899800000000000000e+04 3.122500000000000000e+04 3.779006767170083947e+01 2.350210955048577688e+01 3.967437114544445183e+06 2.301647741932697500e+00
5.899800000000000000e+04 3.123500000000000000e+04 4.517153395211400380e+01 2.452086359159042672e+01 3.967432499622479081e+06 6.639489394605107009e-01
5.899800000000000000e+04 3.124500000000000000e+04 4.302212124888895062e+01 2.233687464772788545e+01 3.967427865242308937e+06 -6.590791639951021352e-01
5.899800000000000000e+04 3.125500000000000000e+04 3.731023991848235255e+01 2.339151121130635147e+01 3.967423167068835814e+06 -1.745450933925553727e+00
5.899800000000000000e+04 3.126500000000000000e+04 2.923255692858913335e+01 1.863507253442173095e+01 3.967418517657443881e+06 -2.514522975177555963e+00
5.899800000000000000e+04 3.127500000000000000e+04 3.586597020029024208e+01 2.233836732162476935e+01 3.967413900382711552e+06 -3.013102723969268482e+00
5.899800000000000000e+04 3.128500000000000000e+04 3.817745960668311511e+01 2.124850113639655902e+01 3.967409219142349437e+06 -3.365781809071336284e+00
5.899800000000000000e+04 3.129500000000000000e+04 4.680225147212418335e+01 3.093882859610567237e+01 3.967404583785859868e+06 -3.489544693798620756e+00
5.899800000000000000e+04 3.130500000000000000e+04 4.003177563729551736e+01 2.045134568923674578e+01 3.967399909502950031e+06 -3.494417564917398522e+00
5.899800000000000000e+04 3.131500000000000000e+04 4.314980798589632371e+01 2.753955694423506628e+01 3.967395292254102882e+06 -3.308075061525983074e+00
5.899800000000000000e+04 3.132500000000000000e+04 5.159187500171108809e+01 3.279608450541881126e+01 3.967390626601286698e+06 -3.058046870445195964e+00
5.899800000000000000e+04 3.133500000000000000e+04 4.708439604174490256e+01 2.682834006248648961e+01 3.967385975618753117e+06 -2.701844224031447084e+00
5.899800000000000000e+04 3.134500000000000000e+04 3.954209890934145477e+01 2.264267993842558724e+01 3.967381315893579740e+06 -2.281996663270660974e+00
5.899800000000000000e+04 3.135500000000000000e+04 4.214892502075036163e+01 2.698524796364637623e+01 3.967376652170714457e+06 -1.811444293615181778e+00
5.899800000000000000e+04 3.136500000000000000e+04 3.146320006703129124e+01 1.937700605942532661e+01 3.967372028569936752e+06 -1.262358122141904460e+00
5.899800000000000000e+04 3.137500000000000000e+04 3.132439871458523228e+01 1.995214442574969027e+01 3.967367365363753866e+06 -7.293994678676654075e-01
5.899800000000000000e+04 3.138500000000000000e+04 3.271321812384950078e+01 2.023430673887523668e+01 3.967362690309573896e+06 -1.984250848071269502e-01
5.899800000000000000e+04 3.139500000000000000e+04 5.387600344308118139e+01 2.866096932717326595e+01 3.967358042554403190e+06 3.573802311627787276e-01
5.899800000000000000e+04 3.140500000000000000e+04 3.494590251363149491e+01 2.050472411978924470e+01 3.967353390426594298e+06 8.952580892334935925e-01
5.899800000000000000e+04 3.141500000000000000e+04 4.566736030163074389e+01 2.446624017333740397e+01 3.967348732637935318e+06 1.404041293213481367e+00
5.899800000000000000e+04 3.142500000000000000e+04 3.067097869950466205e+01 2.111807599043115147e+01 3.967344050420077983e+06 1.856252966534498228e+00
5.899800000000000000e+04 3.143500000000000000e+04 3.039693660996382718e+01 1.965991866183776082e+01 3.967339402745776810e+06 2.303290491296365872e+00
5.899800000000000000e+04 3.144500000000000000e+04 4.208993160197419314e+01 2.490292233061668981e+01 3.967334777201687451e+06 2.726261006082040694e+00
5.899800000000000000e+04 3.145500000000000000e+04 3.345282186531095192e+01 1.894890819748926347e+01 3.967330121440418065e+06 3.067396152522633201e+00
5.899800000000000000e+04 3.146500000000000000e+04 3.499514991020760135e+01 2.243660689550018716e+01 3.967325425520703662e+06 3.312354953614885744e+00
5.899800000000000000e+04 3.147500000000000000e+04 4.198869464057030143e+01 2.195043403295734308e+01 3.967320786215844564e+06 3.554494946567842817e+00
5.899800000000000000e+04 3.148500000000000000e+04 4.317006564614279540e+01 2.495201139065445517e+01 3.967316127808442805e+06 3.715629619724609256e+00
5.899800000000000000e+04 3.149500000000000000e+04 2.929901444008832812e+01 1.846769599024865016e+01 3.967311472298230976e+06 3.816198940454796684e+00
5.899800000000000000e+04 3.150500000000000000e+04 3.820523305967727623e+01 2.533393812441658000e+01 3.967306825155387633e+06 3.860985368535011730e+00
5.899800000000000000e+04 3.151500000000000000e+04 3.092403312269235727e+01 1.995177601192858319e+01 3.967302204770684242e+06 3.868526701629775744e+00
5.899800000000000000e+04 3.152500000000000000e+04 4.652001152371542503e+01 2.916179749991740167e+01 3.967297503568036016e+06 3.732191326521160590e+00
5.899800000000000000e+04 3.153500000000000000e+04 2.804901031302176762e+01 1.761106546593885369e+01 3.967292852284212597e+06 3.584420625736925103e+00
5.899800000000000000e+04 3.154500000000000000e+04 1.605540022234730202e+01 1.096144383868475103e+01 3.967288150170886423e+06 3.326893727579431470e+00
5.899800000000000000e+04 3.155500000000000000e+04 2.970682519040661873e+01 1.949905084502143282e+01 3.967283536175175104e+06 3.101670745198703116e+00
5.899800000000000000e+04 3.156500000000000000e+04 3.723079561269958049e+01 2.086373543508183204e+01 3.967278902127704583e+06 2.804343538726129736e+00
5.899800000000000000e+04 3.157500000000000000e+04 3.577118399507438085e+01 2.281977462909185661e+01 3.967274229687079322e+06 2.420942886059606280e+00
5.899800000000000000e+04 3.158500000000000000e+04 3.977590457270725466e+01 2.191428048053098721e+01 3.967269544387568254e+06 1.981948864999367288e+00
5.899800000000000000e+04 3.159500000000000000e+04 4.355277141874201874e+01 2.679741084362319015e+01 3.967264891519080848e+06 1.538133528932917216e+00
5.899800000000000000e+04 3.160500000000000000e+04 3.076153428237848786e+01 1.849542551347872177e+01 3.967260211267359555e+06 1.035663799864664725e+00
5.899800000000000000e+04 3.161500000000000000e+04 3.778314003775810903e+01 2.533332978067423724e+01 3.967255570453492925e+06 5.478036758779580850e-01
5.899800000000000000e+04 3.162500000000000000e+04 3.310428567238059827e+01 2.135438882291652263e+01 3.967250913217671216e+06 2.556069087097512238e-02
5.899800000000000000e+04 3.163500000000000000e+04 2.258505075138964457e+01 1.504564178065296431e+01 3.967246248814047314e+06 -5.145565293144045427e-01
5.899800000000000000e+04 3.164500000000000000e+04 3.874330041768534016e+01 2.444558383751330055e+01 3.967241597109792754e+06 -1.045076512079504027e+00
5.899800000000000000e+04 3.165500000000000000e+04 3.657015302588332162e+01 2.018313211251744832e+01 3.967236941650744062e+06 -1.574536590384241208e+00
5.899800000000000000e+04 3.166500000000000000e+04 3.819828719979244624e+01 2.014164484568582125e+01 3.967232278819296975e+06 -2.098362313679331237e+00
5.899800000000000000e+04 3.167500000000000000e+04 4.962532347714027026e+01 2.853561952750366970e+01 3.967227601811067667e+06 -2.614928084117650542e+00
5.899800000000000000e+04 3.168500000000000000e+04 3.322682716984954965e+01 2.331723573251916193e+01 3.967222956533744000e+06 -3.069695608999609249e+00
5.899800000000000000e+04 3.169500000000000000e+04 3.491756752727700075e+01 2.202124979434596597e+01 3.967218308245602995e+06 -3.488612684970348710e+00
5.899800000000000000e+04 3.170500000000000000e+04 3.397570628965383577e+01 2.166743212819170594e+01 3.967213613353402819e+06 -3.906352603332607032e+00
5.899800000000000000e+04 3.171500000000000000e+04 4.014882920634418184e+01 2.250081629019543072e+01 3.967208953058395069e+06 -4.232705444840576092e+00
5.899800000000000000e+04 3.172500000000000000e+04 4.450773864619185360e+01 2.343175297117895184e+01 3.967204287562802434e+06 -4.498408898662773936e+00
5.899800000000000000e+04 3.173500000000000000e+04 3.310938078944798235e+01 1.792140047091832855e+01 3.967199655184969306e+06 -4.656070415554950159e+00
5.899800000000000000e+04 3.174500000000000000e+04 4.195063309927867579e+01 2.549247038038592095e+01 3.967194972383773886e+06 -4.780180095490209169e+00
5.899800000000000000e+04 3.175500000000000000e+04 3.116297850673542769e+01 2.081420820444880704e+01 3.967190320437832270e+06 -4.780468786821302274e+00
5.899800000000000000e+04 3.176500000000000000e+04 1.864662629620892176e+01 1.243332566299778108e+01 3.967185662108465564e+06 -4.685282417076905404e+00
5.899800000000000000e+04 3.177500000000000000e+04 2.589642453376293929e+01 1.863965754044319922e+01 3.967181026879600249e+06 -4.456379398247463541e+00
5.899800000000000000e+04 3.178500000000000000e+04 2.090914957669595964e+01 1.335700947091943469e+01 3.967176363205801230e+06 -4.136719891548409578e+00
5.899800000000000000e+04 3.179500000000000000e+04 2.417658160574714543e+01 1.615380799878224849e+01 3.967171688413570635e+06 -3.700601811014735176e+00
5.899800000000000000e+04 3.180500000000000000e+04 3.717771725952260908e+01 2.125856095335280571e+01 3.967167013297826052e+06 -3.129101646823187366e+00
5.899800000000000000e+04 3.181500000000000000e+04 2.074047444078725277e+01 1.355832306679132770e+01 3.967162373126317281e+06 -2.379107349725359200e+00
5.899800000000000000e+04 3.182500000000000000e+04 4.246616375358386364e+01 2.338223650909367990e+01 3.967157712465278339e+06 -1.498529979460727191e+00
5.899800000000000000e+04 3.183500000000000000e+04 3.902607055669014358e+01 2.148655564680731800e+01 3.967153034977674484e+06 -4.765427609812604715e-01
5.899800000000000000e+04 3.184500000000000000e+04 2.287951153516895886e+01 1.400164347637280393e+01 3.967148414576726034e+06 7.675351409707218409e-01
5.899800000000000000e+04 3.185500000000000000e+04 1.764650488850277199e+01 1.181901212305665894e+01 3.967143734767904971e+06 2.123543314745120369e+00
5.899800000000000000e+04 3.186500000000000000e+04 2.069406405050614950e+01 1.482752906117856107e+01 3.967139070012341253e+06 3.671806207262989119e+00
5.899800000000000000e+04 3.187500000000000000e+04 3.116070704422935123e+01 1.909419288328134101e+01 3.967134368785469793e+06 5.366154471083973476e+00
5.899800000000000000e+04 3.188500000000000000e+04 1.824973276294521796e+01 1.168522671604058338e+01 3.967129706556244288e+06 7.286866875568989599e+00
5.899800000000000000e+04 3.189500000000000000e+04 2.522429927181006093e+01 1.525534097228821295e+01 3.967125042725783773e+06 9.397571652529791209e+00
5.899800000000000000e+04 3.190500000000000000e+04 1.440514939952371876e+01 9.345397016785227606e+00 3.967120391499084421e+06 1.171608090788299705e+01
5.899800000000000000e+04 3.191500000000000000e+04 9.097122385527567801e+00 6.858853434157000883e+00 3.967115914932259824e+06 1.440740055777712314e+01
5.899800000000000000e+04 3.192500000000000000e+04 1.291632848657754629e+01 9.287860351864701158e+00 3.967111048647046089e+06 1.690940753534437135e+01
5.899800000000000000e+04 3.193500000000000000e+04 1.612156662539595686e+01 1.084261775239587600e+01 3.967106518201174680e+06 1.994918286172844546e+01
5.899800000000000000e+04 3.194500000000000000e+04 1.203359747225061582e+01 7.463156226720895958e+00 3.967102048596050125e+06 2.325248202150919496e+01
5.899800000000000000e+04 3.195500000000000000e+04 1.006419000764205229e+01 6.832945445107231563e+00 3.967097070895639714e+06 2.625031655124553254e+01
5.899800000000000000e+04 3.196500000000000000e+04 1.148009707419081060e+01 6.972785432347557766e+00 3.967092753108938690e+06 3.010979920518423114e+01
5.899800000000000000e+04 3.197500000000000000e+04 1.029907182857198578e+01 6.795629876040259809e+00 3.967087837481045164e+06 3.357139772494770114e+01
5.899800000000000000e+04 3.198500000000000000e+04 1.255903379023710009e+01 7.639968440147587359e+00 3.967082823707232252e+06 3.713211161537810767e+01
5.899800000000000000e+04 3.199500000000000000e+04 1.206049198481018969e+01 8.968275416476220840e+00 3.967078870411294512e+06 4.194691318730167495e+01
5.899800000000000000e+04 3.200500000000000000e+04 1.262080417674268951e+01 9.029237545939523102e+00 3.967073334105319809e+06 4.536767002571582452e+01
5.899800000000000000e+04 3.201500000000000000e+04 1.092029479534959790e+01 7.169320680260870660e+00 3.967069206125375815e+06 5.038004337959409895e+01
5.899800000000000000e+04 3.202500000000000000e+04 1.056728821022828235e+01 7.484387071262823987e+00 3.967069622702516150e+06 6.011352186361068561e+01
5.899800000000000000e+04 3.203500000000000000e+04 7.517850380987721515e+00 5.088699354207143699e+00 3.966170097237257753e+06 -8.299263413636613222e+02
5.899800000000000000e+04 3.204500000000000000e+04 2.104548345861081415e+01 1.822547109364869300e+01 3.967070479672540445e+06 8.010140705658250226e+01
5.899800000000000000e+04 3.205500000000000000e+04 9.797147845002337263e+00 6.604982781015355187e+00 3.966375205206601415e+06 -6.053782037424259670e+02
5.899800000000000000e+04 3.206500000000000000e+04 8.062622301682770498e+00 5.829233803654466861e+00 3.966525686121318489e+06 -4.449642778117874968e+02
5.899800000000000000e+04 3.207500000000000000e+04 1.229130590846994231e+01 8.565035534723877575e+00 3.967070928115600720e+06 1.103362437038122152e+02
5.899800000000000000e+04 3.208500000000000000e+04 7.824794130998860453e+00 5.797603703762356453e+00 3.967266586084860377e+06 3.161643247357528708e+02
5.899800000000000000e+04 3.209500000000000000e+04 7.166302961225885504e+00 5.168646610672190889e+00 3.966996840905034449e+06 5.668558101230360080e+01
5.899800000000000000e+04 3.210500000000000000e+04 7.124283904656008914e+00 5.420303283971428243e+00 3.966927672704203520e+06 -2.136485624273973372e+00
5.899800000000000000e+04 3.211500000000000000e+04 6.614788517298092252e+00 4.533458530603574843e+00 3.967024148520795163e+06 1.047471336845765109e+02
5.899800000000000000e+04 3.212500000000000000e+04 7.348154246145729651e+00 5.455669991655175188e+00 3.967246344743352849e+06 3.373933572804826326e+02
5.899800000000000000e+04 3.213500000000000000e+04 6.982710588516455985e+00 5.019947361235185035e+00 3.967824659040181898e+06 9.261789053352908923e+02
5.899800000000000000e+04 3.214500000000000000e+04 8.727121125799634171e+00 5.996116794355273782e+00 3.966659923139334656e+06 -2.280869574681439644e+02
5.899800000000000000e+04 3.215500000000000000e+04 6.836461882843437365e+00 5.304355606002135737e+00 3.967040148687458131e+06 1.625833996139469946e+02
5.899800000000000000e+04 3.216500000000000000e+04 6.458916473913830281e+00 5.664979144156165880e+00 3.966425122733620927e+06 -4.420485800924233786e+02
5.899800000000000000e+04 3.217500000000000000e+04 6.888995141584969950e+00 4.735661303034357950e+00 3.966562950594257098e+06 -2.939048130331873381e+02
5.899800000000000000e+04 3.218500000000000000e+04 7.806494201314346348e+00 5.066904827042738368e+00 3.967527887516943738e+06 6.812410510502490979e+02
5.899800000000000000e+04 3.219500000000000000e+04 8.533368255324887741e+00 5.912241016545519479e+00 3.967111048496513162e+06 2.744734079291636135e+02
5.899800000000000000e+04 3.220500000000000000e+04 7.712812248067491439e+00 5.166456151883559222e+00 3.966040360833844170e+06 -7.863127796196420149e+02
5.899800000000000000e+04 3.221500000000000000e+04 7.213762282437887308e+00 4.913530698784642325e+00 3.966549208321393467e+06 -2.677678335855695195e+02
5.899800000000000000e+04 3.222500000000000000e+04 7.989658812391000176e+00 5.555288922881504554e+00 3.967071589151202235e+06 2.640705099830604468e+02
5.899800000000000000e+04 3.223500000000000000e+04 8.475556427114479874e+00 6.317787019987632036e+00 3.967077312223801389e+06 2.789733725798162141e+02
5.899800000000000000e+04 3.224500000000000000e+04 7.119882960530571125e+00 5.092076460994063858e+00 3.966575946117590647e+06 -2.135303346780340235e+02
5.899800000000000000e+04 3.225500000000000000e+04 7.040845185280642404e+00 4.630685745746002446e+00 3.967268520076330751e+06 4.875470391374897190e+02
5.899800000000000000e+04 3.226500000000000000e+04 8.909494005370349967e+00 5.465717250296890484e+00 3.965883667033605278e+06 -8.892051280707757996e+02
5.899800000000000000e+04 3.227500000000000000e+04 9.838967334321718994e+00 6.598343702637758490e+00 3.966522997062525712e+06 -2.422223190247397042e+02
5.899800000000000000e+04 3.228500000000000000e+04 6.166866879637348475e+00 4.815759437082125061e+00 3.966918269225383643e+06 1.602069352825642454e+02
5.899800000000000000e+04 3.229500000000000000e+04 7.013161856567892372e+00 5.025602260189546477e+00 3.966939186161176302e+06 1.877356058106111050e+02
5.899800000000000000e+04 3.230500000000000000e+04 6.978244459056794469e+00 4.798577967850311765e+00 3.965919616034348030e+06 -8.258199230910514643e+02
5.899800000000000000e+04 3.231500000000000000e+04 7.180678839405652880e+00 5.022212338005678234e+00 3.967411100201517809e+06 6.710277757493843183e+02
5.899800000000000000e+04 3.232500000000000000e+04 6.619766359598636463e+00 4.828045324490836343e+00 3.967398619186799042e+06 6.632031103378337775e+02
