# Observation conducted on 2020.05.29 at Ef rev. 2 
# Base frequency: 0.00 MHz dF: 0.2 Hz dT: 0.00025 s 
# Format: Modified JD   |       Time(UTC) [s]    | Signal-to-Noise ratio  |      Spectral max      |  Freq. detection [Hz]  |  Doppler noise [Hz] 
# 
5.899800000000000000e+04 3.240500000000000000e+04 7.511024140353662233e+02 4.945105065332574554e+02 3.967044084506785497e+06 3.838844586880441057e-03
5.899800000000000000e+04 3.241500000000000000e+04 6.148529325728053436e+02 4.244963350966656321e+02 3.967037752314937301e+06 -2.426746709829785686e-03
5.899800000000000000e+04 3.242500000000000000e+04 5.646772413620975613e+02 3.596558122643332922e+02 3.967031420636115596e+06 -8.493596356743182696e-03
5.899800000000000000e+04 3.243500000000000000e+04 5.383657641927957229e+02 3.694280912362075355e+02 3.967025107547663618e+06 3.707919015369043336e-03
5.899800000000000000e+04 3.244500000000000000e+04 5.626823767850163449e+02 3.832778542062515612e+02 3.967018776166237425e+06 -2.713181332978820137e-03
5.899800000000000000e+04 3.245500000000000000e+04 6.434028519935120585e+02 4.681834506703831948e+02 3.967012451633956749e+06 -2.622340567654646293e-03
5.899800000000000000e+04 3.246500000000000000e+04 8.057439591326270829e+02 5.833076112573374985e+02 3.967006133086397778e+06 3.108521155354537768e-03
5.899800000000000000e+04 3.247500000000000000e+04 8.830166991018376166e+02 6.205091418877839260e+02 3.966999804277122952e+06 -1.774470286477480840e-03
5.899800000000000000e+04 3.248500000000000000e+04 7.893917605707206349e+02 5.319012970246661780e+02 3.966993483349924907e+06 8.650933840499419603e-04
5.899800000000000000e+04 3.249500000000000000e+04 9.826723175628751505e+02 6.666009453108143816e+02 3.966987161321634892e+06 2.036702648183563724e-03
5.899800000000000000e+04 3.250500000000000000e+04 8.473226829317559350e+02 5.702559470637218055e+02 3.966980838150974363e+06 1.691776512529941101e-03
5.899800000000000000e+04 3.251500000000000000e+04 9.098589520167797673e+02 5.745726238806929587e+02 3.966974511221772525e+06 -2.793130046370606578e-03
5.899800000000000000e+04 3.252500000000000000e+04 7.485845830998645170e+02 4.962609362414642646e+02 3.966968192911691964e+06 9.523941636189192650e-04
5.899800000000000000e+04 3.253500000000000000e+04 7.353428906590742145e+02 5.233946672319265190e+02 3.966961870244362857e+06 -5.525682422558020335e-05
5.899800000000000000e+04 3.254500000000000000e+04 9.131130529093807127e+02 6.066088064400428266e+02 3.966955545505769085e+06 -3.537330203926103422e-03
5.899800000000000000e+04 3.255500000000000000e+04 1.121032454969657010e+03 7.811766943988492358e+02 3.966949230052381288e+06 1.855415548789096647e-03
5.899800000000000000e+04 3.256500000000000000e+04 1.194735433868415384e+03 7.387963929262361944e+02 3.966942912125111092e+06 4.356652847604891576e-03
5.899800000000000000e+04 3.257500000000000000e+04 1.096579573981477097e+03 7.686819355084179506e+02 3.966936589022656437e+06 1.257827695326341200e-03
5.899800000000000000e+04 3.258500000000000000e+04 1.142807774242233108e+03 7.415427136421551495e+02 3.966930264650805853e+06 -3.542547582242150384e-03
5.899800000000000000e+04 3.259500000000000000e+04 1.187286594906850496e+03 7.480197461088574755e+02 3.966923945976000745e+06 -3.085339113454210747e-03
5.899800000000000000e+04 3.260500000000000000e+04 1.411619887861481175e+03 8.650778570653717452e+02 3.966917630233275704e+06 -1.428546930810625781e-04
5.899800000000000000e+04 3.261500000000000000e+04 1.139395014924144562e+03 8.539317334621746340e+02 3.966911313027504366e+06 8.823887945936803590e-04
5.899800000000000000e+04 3.262500000000000000e+04 1.040144040556479695e+03 6.920732276651547181e+02 3.966904996068625245e+06 1.692889643777562014e-03
5.899800000000000000e+04 3.263500000000000000e+04 9.167663580767911071e+02 5.832305895871321582e+02 3.966898674543568864e+06 -2.531925072162266588e-03
5.899800000000000000e+04 3.264500000000000000e+04 7.408961186693932177e+02 5.343920478668609348e+02 3.966892360150875989e+06 -1.010831948633494903e-04
5.899800000000000000e+04 3.265500000000000000e+04 7.082873660477564499e+02 4.901366312917163555e+02 3.966886040600312874e+06 -3.312463990710057260e-03
5.899800000000000000e+04 3.266500000000000000e+04 9.132933510510049473e+02 5.703003928029198732e+02 3.966879730483090039e+06 2.417416736307131941e-03
5.899800000000000000e+04 3.267500000000000000e+04 6.930528253457302981e+02 4.835951209219273323e+02 3.966873411167400889e+06 -1.551064889213193965e-03
5.899800000000000000e+04 3.268500000000000000e+04 5.772538086309147047e+02 4.339055923897620346e+02 3.966867094341194723e+06 -3.537874376547733846e-03
5.899800000000000000e+04 3.269500000000000000e+04 6.949027188260309913e+02 4.217540608183222730e+02 3.966860780385486316e+06 -3.170016949184173427e-03
5.899800000000000000e+04 3.270500000000000000e+04 8.341979098041832685e+02 5.214062705833479185e+02 3.966854476278530899e+06 6.522631263919720368e-03
5.899800000000000000e+04 3.271500000000000000e+04 8.195353141930877428e+02 4.762848593473504479e+02 3.966848156687232200e+06 1.987211481946360436e-04
5.899800000000000000e+04 3.272500000000000000e+04 6.694881209493481720e+02 3.650223532411729934e+02 3.966841840253164526e+06 -3.508551136405912985e-03
5.899800000000000000e+04 3.273500000000000000e+04 6.422970360439259139e+02 3.184971541400380488e+02 3.966835526940736454e+06 -4.643292489959094382e-03
5.899800000000000000e+04 3.274500000000000000e+04 7.211987818413559808e+02 3.183541125358894419e+02 3.966829219016597606e+06 -9.475088568251521792e-04
5.899800000000000000e+04 3.275500000000000000e+04 9.239118622410746866e+02 3.656180850596679193e+02 3.966822910668809433e+06 1.758054136644204846e-03
5.899800000000000000e+04 3.276500000000000000e+04 8.778961272738665684e+02 3.804692205296476573e+02 3.966816604303537868e+06 5.870599371974094538e-03
5.899800000000000000e+04 3.277500000000000000e+04 9.366637241576520410e+02 3.588194001079984901e+02 3.966810295277169440e+06 6.737385159567566006e-03
5.899800000000000000e+04 3.278500000000000000e+04 8.053090572160082274e+02 3.452536990604418747e+02 3.966803983470596839e+06 4.230002852750658349e-03
5.899800000000000000e+04 3.279500000000000000e+04 7.766531829135874432e+02 3.269204018146140243e+02 3.966797663444015197e+06 -7.100832189848915732e-03
5.899800000000000000e+04 3.280500000000000000e+04 8.315261840779172644e+02 3.697218471916360159e+02 3.966791357976682484e+06 -4.485528971144958632e-03
5.899800000000000000e+04 3.281500000000000000e+04 8.690661880235014678e+02 3.551655649238015826e+02 3.966785052096821833e+06 -2.905727426878002007e-03
5.899800000000000000e+04 3.282500000000000000e+04 7.111204072313939832e+02 3.644826468461019999e+02 3.966778739691447467e+06 -8.484476827220532869e-03
5.899800000000000000e+04 3.283500000000000000e+04 7.908207053090258114e+02 3.463421093702455096e+02 3.966772435676372144e+06 -6.316237566011295712e-03
5.899800000000000000e+04 3.284500000000000000e+04 8.140609875287221939e+02 3.444657411659728155e+02 3.966766139036489185e+06 2.573391795749557787e-03
5.899800000000000000e+04 3.285500000000000000e+04 9.350562395298744605e+02 3.402203921883691464e+02 3.966759833476329688e+06 1.878227202382731775e-03
5.899800000000000000e+04 3.286500000000000000e+04 9.509578643861791534e+02 3.902780142411600650e+02 3.966753523741614074e+06 -3.666957894779443450e-03
5.899800000000000000e+04 3.287500000000000000e+04 1.089625174665407712e+03 4.145872510203564616e+02 3.966747226911976002e+06 3.006283423701461288e-03
5.899800000000000000e+04 3.288500000000000000e+04 1.090839029869674505e+03 4.206004989049110918e+02 3.966740922799497377e+06 1.698599256314992090e-03
5.899800000000000000e+04 3.289500000000000000e+04 1.095646548144449525e+03 4.402927638157768229e+02 3.966734621175596025e+06 2.169719658468238777e-03
5.899800000000000000e+04 3.290500000000000000e+04 1.365147487086792125e+03 4.183442058900048437e+02 3.966728320071902126e+06 2.439323904695811507e-03
5.899800000000000000e+04 3.291500000000000000e+04 1.152428704317962001e+03 4.297326056835796635e+02 3.966722018954133615e+06 1.960910566253915022e-03
5.899800000000000000e+04 3.292500000000000000e+04 1.355088621114877014e+03 4.340865359278286064e+02 3.966715713179318234e+06 -3.920987791275365453e-03
5.899800000000000000e+04 3.293500000000000000e+04 1.277647421021666787e+03 4.381174237303663972e+02 3.966709412877318449e+06 -5.089289433499288862e-03
5.899800000000000000e+04 3.294500000000000000e+04 1.246496052972069947e+03 4.814240707607249306e+02 3.966703122692032717e+06 3.086831189307304157e-03
5.899800000000000000e+04 3.295500000000000000e+04 1.390766873743883480e+03 4.667448250965175021e+02 3.966696822741400916e+06 7.119430659940917394e-04
5.899800000000000000e+04 3.296500000000000000e+04 1.026306634476077079e+03 3.689495334400960473e+02 3.966690528279275633e+06 3.026219255843898281e-03
5.899800000000000000e+04 3.297500000000000000e+04 1.351046960215773879e+03 4.308747462018386614e+02 3.966684227636124939e+06 -1.653863354931672802e-03
5.899800000000000000e+04 3.298500000000000000e+04 1.060747443281299184e+03 4.062828972498356279e+02 3.966677934571266640e+06 4.166984697349107591e-04
