# Observation conducted on 2020.05.29 at Ys rev. 2 
# Base frequency: 0.00 MHz dF: 0.2 Hz dT: 0.00025 s 
# Format: Modified JD   |       Time(UTC) [s]    | Signal-to-Noise ratio  |      Spectral max      |  Freq. detection [Hz]  |  Doppler noise [Hz] 
# 
5.899800000000000000e+04 3.240500000000000000e+04 3.113820449447664487e+02 1.915279849170587454e+02 3.967179719581072684e+06 -7.698147840073943371e-05
5.899800000000000000e+04 3.241500000000000000e+04 3.150014974454196022e+02 2.011392326356539968e+02 3.967171779194178060e+06 3.287993561684743327e-03
5.899800000000000000e+04 3.242500000000000000e+04 2.670086133079645947e+02 1.676759058354506067e+02 3.967163823788675945e+06 -8.571023032232005789e-03
5.899800000000000000e+04 3.243500000000000000e+04 2.665843135097213121e+02 1.675249634281237547e+02 3.967155896943399217e+06 7.908383931635398767e-03
5.899800000000000000e+04 3.244500000000000000e+04 2.879414624608289159e+02 2.014378817984363366e+02 3.967147945051928051e+06 -8.959309811871207785e-04
5.899800000000000000e+04 3.245500000000000000e+04 3.007952872650804466e+02 1.811852949683021450e+02 3.967140002191904467e+06 -9.213856664018749143e-04
5.899800000000000000e+04 3.246500000000000000e+04 2.526796447917021169e+02 1.576797408962340228e+02 3.967132053081795108e+06 -7.463934940687977360e-03
5.899800000000000000e+04 3.247500000000000000e+04 2.550065760650792868e+02 1.554565961027133483e+02 3.967124119218045846e+06 9.590525301064189989e-04
5.899800000000000000e+04 3.248500000000000000e+04 2.453503408888104786e+02 1.626730329873055609e+02 3.967116173407877795e+06 -2.858429746083857026e-03
5.899800000000000000e+04 3.249500000000000000e+04 2.693209084134570617e+02 1.485956387000443044e+02 3.967108238522272557e+06 3.941924537457452971e-03
5.899800000000000000e+04 3.250500000000000000e+04 2.481241510242940649e+02 1.689667405147916099e+02 3.967100300575831905e+06 7.362570885220520722e-03
5.899800000000000000e+04 3.251500000000000000e+04 2.122156159996355882e+02 1.442136424235201844e+02 3.967092358822013251e+06 6.645321276209870121e-03
5.899800000000000000e+04 3.252500000000000000e+04 2.433378255066628810e+02 1.764137476791815971e+02 3.967084407014478929e+06 -4.467334904234121495e-03
5.899800000000000000e+04 3.253500000000000000e+04 2.962551598822133769e+02 1.843378371468246257e+02 3.967076467716421932e+06 -3.422931114869243174e-03
5.899800000000000000e+04 3.254500000000000000e+04 2.863987147766387693e+02 1.639816350165631889e+02 3.967068524892178364e+06 -6.267440202122998016e-03
5.899800000000000000e+04 3.255500000000000000e+04 2.861101635010953146e+02 1.765756219737694721e+02 3.967060598514545243e+06 6.962017346950233332e-03
5.899800000000000000e+04 3.256500000000000000e+04 2.434249323465520831e+02 1.908285444129186601e+02 3.967052654125028756e+06 1.797393052015650028e-03
5.899800000000000000e+04 3.257500000000000000e+04 2.971158710405470629e+02 1.696748420611827441e+02 3.967044710789260920e+06 -2.704898553247403470e-03
5.899800000000000000e+04 3.258500000000000000e+04 2.793787857202301552e+02 1.776857488863593062e+02 3.967036767415288370e+06 -7.645721078574752028e-03
5.899800000000000000e+04 3.259500000000000000e+04 2.801258412582266715e+02 1.674573528918054990e+02 3.967028838448187802e+06 1.411375246902935032e-03
5.899800000000000000e+04 3.260500000000000000e+04 2.281958113438662110e+02 1.647800086422284949e+02 3.967020906811493449e+06 7.381548270018356561e-03
5.899800000000000000e+04 3.261500000000000000e+04 2.815393998463148364e+02 1.694502002773653828e+02 3.967012963514024857e+06 1.265471403144147189e-03
5.899800000000000000e+04 3.262500000000000000e+04 2.814719834279520683e+02 1.769331894362421451e+02 3.967005028519615997e+06 3.019028178982807731e-03
5.899800000000000000e+04 3.263500000000000000e+04 2.626558916287085026e+02 1.886915723065816906e+02 3.966997089121968951e+06 -7.185537788245710544e-05
5.899800000000000000e+04 3.264500000000000000e+04 3.289468556482156032e+02 1.940031892362812869e+02 3.966989154018225614e+06 6.823287907309349976e-04
5.899800000000000000e+04 3.265500000000000000e+04 2.459921833638997555e+02 1.711182014338021418e+02 3.966981219774551224e+06 1.840229263507353608e-03
5.899800000000000000e+04 3.266500000000000000e+04 2.879915017584683028e+02 1.668294631286343304e+02 3.966973284510191064e+06 1.513665133870745194e-03
5.899800000000000000e+04 3.267500000000000000e+04 2.745845970796413553e+02 1.738426516838781026e+02 3.966965352590818424e+06 4.060943994204535556e-03
5.899800000000000000e+04 3.268500000000000000e+04 2.635018258789559127e+02 1.707977244507194143e+02 3.966957410429147538e+06 -4.112550819854732254e-03
5.899800000000000000e+04 3.269500000000000000e+04 2.507952470540607237e+02 1.637466240345991935e+02 3.966949482691022102e+06 1.651702077538175217e-03
5.899800000000000000e+04 3.270500000000000000e+04 2.587930819812182222e+02 1.512757772966848506e+02 3.966941549184479285e+06 1.154395423895948625e-03
5.899800000000000000e+04 3.271500000000000000e+04 2.778027994610487781e+02 1.666312660947618838e+02 3.966933615237720776e+06 -2.836605995071295183e-04
5.899800000000000000e+04 3.272500000000000000e+04 2.948258521268338086e+02 1.640598765454192858e+02 3.966925675088395365e+06 -8.432282868625406991e-03
5.899800000000000000e+04 3.273500000000000000e+04 2.889133181873489775e+02 1.462342677907882091e+02 3.966917738954847679e+06 -1.308069606488970749e-02
5.899800000000000000e+04 3.274500000000000000e+04 2.522163126603428793e+02 1.424232111002951342e+02 3.966909828938124236e+06 7.864447064775959007e-03
5.899800000000000000e+04 3.275500000000000000e+04 2.830752507927779789e+02 1.310346604141062983e+02 3.966901892793294508e+06 2.150360229052239447e-03
5.899800000000000000e+04 3.276500000000000000e+04 2.572057896150153056e+02 1.256960272837596762e+02 3.966893962168511469e+06 1.417155046738116653e-03
5.899800000000000000e+04 3.277500000000000000e+04 2.702532284815201820e+02 1.424908183910747823e+02 3.966886033396836370e+06 1.989640730016617454e-03
5.899800000000000000e+04 3.278500000000000000e+04 2.744623296632887559e+02 1.395127071658046134e+02 3.966878097351630218e+06 -5.267316510639830085e-03
5.899800000000000000e+04 3.279500000000000000e+04 2.530431140154885838e+02 1.269627616584747187e+02 3.966870179154633544e+06 4.759266052133170888e-03
5.899800000000000000e+04 3.280500000000000000e+04 2.487006721854513955e+02 1.393708492855566305e+02 3.966862250941652339e+06 4.196139245664198825e-03
5.899800000000000000e+04 3.281500000000000000e+04 2.172143191642988711e+02 1.278505924279524777e+02 3.966854326026632451e+06 6.347873853997043625e-03
5.899800000000000000e+04 3.282500000000000000e+04 2.160836019055821282e+02 1.244985550074892586e+02 3.966846393944403622e+06 7.395737810611535679e-04
5.899800000000000000e+04 3.283500000000000000e+04 2.544448675937871087e+02 1.497029198195304502e+02 3.966838461539159995e+06 -5.794667876671155682e-03
5.899800000000000000e+04 3.284500000000000000e+04 2.690902237133067842e+02 1.402395365432945482e+02 3.966830541171827354e+06 -9.044313006825177581e-04
5.899800000000000000e+04 3.285500000000000000e+04 2.931208120679369244e+02 1.509254136850850898e+02 3.966822622570940293e+06 5.127880432610254502e-03
5.899800000000000000e+04 3.286500000000000000e+04 2.764745317655188046e+02 1.367566491051740627e+02 3.966814690412384458e+06 -3.033242088349652477e-03
5.899800000000000000e+04 3.287500000000000000e+04 3.149129138738271649e+02 1.598533549004439749e+02 3.966806769794345833e+06 -3.014969076957640937e-04
5.899800000000000000e+04 3.288500000000000000e+04 2.562444774160528596e+02 1.380343225773380595e+02 3.966798850983445533e+06 3.577343325559922960e-03
5.899800000000000000e+04 3.289500000000000000e+04 2.744303951352242734e+02 1.484171782426081450e+02 3.966790925411134958e+06 2.179034572691307403e-05
5.899800000000000000e+04 3.290500000000000000e+04 2.182712488180068249e+02 1.299476689732671275e+02 3.966783001316502690e+06 -2.742570369150598708e-03
5.899800000000000000e+04 3.291500000000000000e+04 2.510874426390990664e+02 1.338404419393408489e+02 3.966775090697604697e+06 7.268213689371805231e-03
5.899800000000000000e+04 3.292500000000000000e+04 2.408164420295769048e+02 1.240205119511108052e+02 3.966767159103476442e+06 -4.411546306187119626e-03
5.899800000000000000e+04 3.293500000000000000e+04 2.564889046895378897e+02 1.343229112371888903e+02 3.966759246771156322e+06 2.439813148839675705e-03
5.899800000000000000e+04 3.294500000000000000e+04 2.844228459624424090e+02 1.532857938285165176e+02 3.966751320606661029e+06 -5.287745952159639273e-03
5.899800000000000000e+04 3.295500000000000000e+04 2.549535375724954065e+02 1.342029449545125033e+02 3.966743408691923600e+06 4.709506035851518391e-04
5.899800000000000000e+04 3.296500000000000000e+04 2.642342576380445962e+02 1.403839719419101755e+02 3.966735481262572110e+06 -1.006596190529762680e-02
5.899800000000000000e+04 3.297500000000000000e+04 3.007482728898383471e+02 1.506744909156848848e+02 3.966727579689693637e+06 4.454351583603965992e-03
5.899800000000000000e+04 3.298500000000000000e+04 3.347581478606108476e+02 1.482490788568233029e+02 3.966719662239110563e+06 2.278672058082520380e-03
