# Observation conducted on 2020.05.29 at Ef rev. 2 
# Base frequency: 0.00 MHz dF: 0.2 Hz dT: 0.00025 s 
# Format: Modified JD   |       Time(UTC) [s]    | Signal-to-Noise ratio  |      Spectral max      |  Freq. detection [Hz]  |  Doppler noise [Hz] 
# 
5.899800000000000000e+04 3.120500000000000000e+04 6.614278705136665621e+02 3.988345476529748339e+02 3.967805057977636810e+06 3.556825951022801746e-03
5.899800000000000000e+04 3.121500000000000000e+04 7.565604730924311525e+02 4.332417541197003743e+02 3.967798729316501878e+06 2.664694006853096653e-03
5.899800000000000000e+04 3.122500000000000000e+04 7.161421044699725371e+02 4.099485095839231690e+02 3.967792400359911378e+06 2.265822173740161816e-03
5.899800000000000000e+04 3.123500000000000000e+04 8.421051770066421795e+02 4.241514132037066247e+02 3.967786069888777100e+06 1.109570753555999545e-03
5.899800000000000000e+04 3.124500000000000000e+04 7.605680711911297749e+02 4.522530857714180001e+02 3.967779735329891555e+06 -3.407347263987503538e-03
5.899800000000000000e+04 3.125500000000000000e+04 7.763500210710840292e+02 3.869039983143215409e+02 3.967773403137342539e+06 -4.859488841589154617e-03
5.899800000000000000e+04 3.126500000000000000e+04 6.292442157927620201e+02 3.689320489624988681e+02 3.967767075602067169e+06 -9.831682713183909073e-04
5.899800000000000000e+04 3.127500000000000000e+04 6.231733808660937939e+02 3.575141564607560554e+02 3.967760740725539159e+06 -3.802808450586780964e-03
5.899800000000000000e+04 3.128500000000000000e+04 8.880513201137293890e+02 3.821560738820388110e+02 3.967754408756667748e+06 -3.094078715548675973e-03
5.899800000000000000e+04 3.129500000000000000e+04 6.698507877574472786e+02 4.028985134919313396e+02 3.967748077236806042e+06 -1.338929151415868546e-03
5.899800000000000000e+04 3.130500000000000000e+04 7.906018641398823092e+02 4.366940042237553143e+02 3.967741738208942115e+06 -6.516435712001111824e-03
5.899800000000000000e+04 3.131500000000000000e+04 8.996382573921885069e+02 4.983676390582373870e+02 3.967735409191370476e+06 -1.129170373246779491e-03
5.899800000000000000e+04 3.132500000000000000e+04 1.039342290086778121e+03 5.150773852856034409e+02 3.967729078168175649e+06 2.787245976378471823e-03
5.899800000000000000e+04 3.133500000000000000e+04 1.003942998357445731e+03 5.066885394746634006e+02 3.967722736930822022e+06 -2.994306905634402938e-03
5.899800000000000000e+04 3.134500000000000000e+04 9.871873376735015881e+02 5.232007517554503693e+02 3.967716405660030898e+06 1.689388304043859534e-03
5.899800000000000000e+04 3.135500000000000000e+04 9.557311096048001673e+02 5.185724119021987235e+02 3.967710070060598664e+06 2.526666552853384928e-03
5.899800000000000000e+04 3.136500000000000000e+04 1.028729778006175366e+03 4.904834966670546805e+02 3.967703729403345846e+06 -1.227108897865036852e-03
5.899800000000000000e+04 3.137500000000000000e+04 6.564150283718324772e+02 3.701738237581441240e+02 3.967697390339272562e+06 -2.935431379910369287e-03
5.899800000000000000e+04 3.138500000000000000e+04 6.504470936280930573e+02 3.685287143127546301e+02 3.967691050876535941e+06 -4.603711268373444909e-03
5.899800000000000000e+04 3.139500000000000000e+04 9.875263144917490763e+02 4.940888594296883412e+02 3.967684714578377083e+06 -2.681390690781881858e-03
5.899800000000000000e+04 3.140500000000000000e+04 1.248218305347684691e+03 6.809695109791209688e+02 3.967678378085296601e+06 -5.398028660010822932e-04
5.899800000000000000e+04 3.141500000000000000e+04 1.283678947947674715e+03 6.663811831464932993e+02 3.967672040542259812e+06 9.549903280685612117e-04
5.899800000000000000e+04 3.142500000000000000e+04 1.318016477042363249e+03 6.889629593321577659e+02 3.967665698506078683e+06 -1.650457635605562245e-03
5.899800000000000000e+04 3.143500000000000000e+04 1.442089695762651445e+03 7.010628671553432696e+02 3.967659363630490378e+06 3.288061366447436740e-03
5.899800000000000000e+04 3.144500000000000000e+04 1.476356130960693918e+03 6.830462470711329388e+02 3.967653022453984711e+06 2.300200093600324180e-03
5.899800000000000000e+04 3.145500000000000000e+04 1.460982730115091044e+03 7.771082557449660726e+02 3.967646677570935804e+06 -2.027853797130774183e-03
5.899800000000000000e+04 3.146500000000000000e+04 1.596011242835637631e+03 7.579236177854647849e+02 3.967640335312760435e+06 -3.372257335513495491e-03
5.899800000000000000e+04 3.147500000000000000e+04 1.543345299669204451e+03 8.209319071555045184e+02 3.967634006040730048e+06 8.621259720484886202e-03
5.899800000000000000e+04 3.148500000000000000e+04 1.560783828742085689e+03 8.232041174443872933e+02 3.967627659779375885e+06 3.970762733047195070e-03
5.899800000000000000e+04 3.149500000000000000e+04 1.446769680571816707e+03 8.164256711610073580e+02 3.967621318823366426e+06 4.964949040981991857e-03
5.899800000000000000e+04 3.150500000000000000e+04 1.296984202983322120e+03 6.583907735683598048e+02 3.967614973300262820e+06 1.725864683976396918e-03
5.899800000000000000e+04 3.151500000000000000e+04 1.198155955297143691e+03 6.481768290057409558e+02 3.967608635387898888e+06 6.426245475495306891e-03
5.899800000000000000e+04 3.152500000000000000e+04 1.293470007162239654e+03 7.322841204203311918e+02 3.967602285228719469e+06 -7.961850408264581347e-04
5.899800000000000000e+04 3.153500000000000000e+04 1.305451625795745031e+03 7.137378445587550004e+02 3.967595943475408014e+06 7.068757612387344125e-04
5.899800000000000000e+04 3.154500000000000000e+04 1.670993457143093110e+03 8.215255014074343762e+02 3.967589602395776659e+06 3.199157783456030302e-03
5.899800000000000000e+04 3.155500000000000000e+04 1.622411748434846459e+03 8.448886427468397642e+02 3.967583257722293492e+06 2.409308480196159508e-03
5.899800000000000000e+04 3.156500000000000000e+04 1.183019712255566901e+03 6.722037454817984781e+02 3.967576904342381749e+06 -6.778849663305663853e-03
5.899800000000000000e+04 3.157500000000000000e+04 1.168757847860849779e+03 6.456572984998207403e+02 3.967570562518775463e+06 -4.105999845137375814e-03
5.899800000000000000e+04 3.158500000000000000e+04 1.073788792339368456e+03 5.626833746259832196e+02 3.967564214456162881e+06 -7.370727964939760568e-03
5.899800000000000000e+04 3.159500000000000000e+04 1.051426996517829139e+03 5.849402360571048121e+02 3.967557872091033496e+06 -4.639715641133079771e-03
5.899800000000000000e+04 3.160500000000000000e+04 1.272555073572680840e+03 6.812304273147312870e+02 3.967551532441608142e+06 1.102153926012761076e-03
5.899800000000000000e+04 3.161500000000000000e+04 1.474945385008061749e+03 7.770974066201704318e+02 3.967545187532161362e+06 1.876076209896382352e-03
5.899800000000000000e+04 3.162500000000000000e+04 1.695330224392802165e+03 7.525741233306165441e+02 3.967538834895226639e+06 -4.788508205592734157e-03
5.899800000000000000e+04 3.163500000000000000e+04 1.406388445615773662e+03 7.350099605311220330e+02 3.967532491119417362e+06 -2.306129665839762310e-03
5.899800000000000000e+04 3.164500000000000000e+04 1.752756822828590430e+03 9.172829450332064880e+02 3.967526146281836089e+06 -6.029219290439868928e-04
5.899800000000000000e+04 3.165500000000000000e+04 1.422898702867981456e+03 7.985886317397327048e+02 3.967519801013623364e+06 9.488894025935223908e-04
5.899800000000000000e+04 3.166500000000000000e+04 1.154436571597154170e+03 6.176303174764507276e+02 3.967513448426260147e+06 -4.542750269138196018e-03
5.899800000000000000e+04 3.167500000000000000e+04 1.360275600265325465e+03 6.370016958372782483e+02 3.967507099510010798e+06 -6.091321212124967133e-03
5.899800000000000000e+04 3.168500000000000000e+04 1.526676656030642107e+03 7.684927126999753000e+02 3.967500759458032437e+06 1.492342784445099824e-03
5.899800000000000000e+04 3.169500000000000000e+04 1.889481961644258718e+03 9.104416964824442857e+02 3.967494410830186214e+06 7.638221619572505006e-04
5.899800000000000000e+04 3.170500000000000000e+04 1.655110153472165621e+03 8.630986286753809509e+02 3.967488060854152311e+06 -1.053805723131517880e-03
5.899800000000000000e+04 3.171500000000000000e+04 1.814722354150001593e+03 8.708719669455753092e+02 3.967481709934789222e+06 -3.560653818112768931e-03
5.899800000000000000e+04 3.172500000000000000e+04 1.391213686839189677e+03 7.304924685148916979e+02 3.967475361231080256e+06 -3.603111674237879924e-03
5.899800000000000000e+04 3.173500000000000000e+04 1.280575542982929846e+03 7.485395651042160807e+02 3.967469013678473886e+06 -2.251547753758131876e-03
5.899800000000000000e+04 3.174500000000000000e+04 1.471200161093610632e+03 7.007373632067053677e+02 3.967462661240135785e+06 -5.549096685058430012e-03
5.899800000000000000e+04 3.175500000000000000e+04 1.434427738004681942e+03 7.242589952705299083e+02 3.967456317228270695e+06 -1.903742537479047314e-04
5.899800000000000000e+04 3.176500000000000000e+04 1.399481719778140814e+03 7.283085145728135785e+02 3.967449960879752878e+06 -6.945886415451241191e-03
5.899800000000000000e+04 3.177500000000000000e+04 1.349894251820862337e+03 7.121462607741134434e+02 3.967443614931206685e+06 -3.086990754013640981e-03
5.899800000000000000e+04 3.178500000000000000e+04 1.626025225889471130e+03 7.737047199971765394e+02 3.967437267947529443e+06 -5.740886911098641576e-05
5.899800000000000000e+04 3.179500000000000000e+04 1.839391359215816465e+03 8.613310225698058957e+02 3.967430917038799264e+06 -7.563603522839912330e-04
5.899800000000000000e+04 3.180500000000000000e+04 1.745035608251121175e+03 9.121184844112759720e+02 3.967424561685325578e+06 -5.713549574238641071e-03
5.899800000000000000e+04 3.181500000000000000e+04 1.727285936045711424e+03 9.259215608759870975e+02 3.967418219744815025e+06 2.917959510114087607e-03
5.899800000000000000e+04 3.182500000000000000e+04 1.607346026122007288e+03 8.304817216982251011e+02 3.967411864810289815e+06 -1.280376479485312302e-03
5.899800000000000000e+04 3.183500000000000000e+04 1.337937399013895401e+03 7.645313249411661900e+02 3.967405519841887988e+06 4.639182246364725870e-03
5.899800000000000000e+04 3.184500000000000000e+04 1.295903396981391097e+03 7.577848008705882421e+02 3.967399168305223342e+06 4.128975675030233106e-03
5.899800000000000000e+04 3.185500000000000000e+04 1.122358444170454959e+03 6.843893411332605865e+02 3.967392814594006632e+06 1.568529694964126975e-03
5.899800000000000000e+04 3.186500000000000000e+04 1.224667624420770835e+03 6.773675617298262068e+02 3.967386464612238575e+06 2.846709044320050452e-03
5.899800000000000000e+04 3.187500000000000000e+04 1.703147353238301321e+03 8.370330358858454929e+02 3.967380107281044126e+06 -3.131488893245659710e-03
5.899800000000000000e+04 3.188500000000000000e+04 1.364194807506137977e+03 8.395752284644398742e+02 3.967373760940972716e+06 1.957328071512165479e-03
5.899800000000000000e+04 3.189500000000000000e+04 1.271403113323355228e+03 7.087930989403400872e+02 3.967367411685202736e+06 4.188113970940321451e-03
5.899800000000000000e+04 3.190500000000000000e+04 1.296099526201026492e+03 6.916160586090991274e+02 3.967361057814786211e+06 1.842586142515756364e-03
5.899800000000000000e+04 3.191500000000000000e+04 1.125222151244767019e+03 5.909132612598248215e+02 3.967354713043026626e+06 8.613569102863039006e-03
5.899800000000000000e+04 3.192500000000000000e+04 1.374351870917419319e+03 6.313547412829095720e+02 3.967348361035188660e+06 8.144659498157125199e-03
5.899800000000000000e+04 3.193500000000000000e+04 1.092269228810594768e+03 5.823271488823356776e+02 3.967342005790714175e+06 4.412408908137877006e-03
5.899800000000000000e+04 3.194500000000000000e+04 1.142931644479984470e+03 6.449104215867918128e+02 3.967335656488420442e+06 6.571478026899058023e-03
5.899800000000000000e+04 3.195500000000000000e+04 1.484273978720519153e+03 7.805205449600214251e+02 3.967329309973183088e+06 1.144128377870856639e-02
5.899800000000000000e+04 3.196500000000000000e+04 1.638984052632853491e+03 8.050392653309445450e+02 3.967322956534330733e+06 9.284352627901171218e-03
5.899800000000000000e+04 3.197500000000000000e+04 1.069596056221611661e+03 5.947998970207594311e+02 3.967316605145927519e+06 9.046566487313612015e-03
5.899800000000000000e+04 3.198500000000000000e+04 9.020329732175298432e+02 4.279231342101607538e+02 3.967310251344907563e+06 6.235255009528373193e-03
5.899800000000000000e+04 3.199500000000000000e+04 1.017809880218388116e+03 5.352698554085631031e+02 3.967303908592856489e+06 1.428093967581389734e-02
5.899800000000000000e+04 3.200500000000000000e+04 1.442429161532462786e+03 6.914865988880940222e+02 3.967297556898388080e+06 1.315967313291821483e-02
5.899800000000000000e+04 3.201500000000000000e+04 1.523451011137036630e+03 8.613875908683016860e+02 3.967291204101087525e+06 1.067693985135065304e-02
5.899800000000000000e+04 3.202500000000000000e+04 1.665561459386924298e+03 8.746222840612355185e+02 3.967284850144638680e+06 6.740745991919538938e-03
5.899800000000000000e+04 3.203500000000000000e+04 1.575605742972849612e+03 8.314203233099184445e+02 3.967278498759320471e+06 5.044077156981074950e-03
5.899800000000000000e+04 3.204500000000000000e+04 1.466718470515208310e+03 7.932546126142860885e+02 3.967272153798962478e+06 9.401814214015757898e-03
5.899800000000000000e+04 3.205500000000000000e+04 1.378539072692786704e+03 7.882003096635384054e+02 3.967265799320203252e+06 3.829953276294872921e-03
5.899800000000000000e+04 3.206500000000000000e+04 1.328410741498584912e+03 7.115985687973156928e+02 3.967259446485928260e+06 -5.509976394932891708e-04
5.899800000000000000e+04 3.207500000000000000e+04 1.626967489017865773e+03 7.759301241329283130e+02 3.967253098359979689e+06 -7.213438876760847052e-04
5.899800000000000000e+04 3.208500000000000000e+04 1.429409988117800140e+03 7.549350693946311139e+02 3.967246744338273536e+06 -7.331131475325491920e-03
5.899800000000000000e+04 3.209500000000000000e+04 1.496811823077923691e+03 7.541868112243927271e+02 3.967240390687698033e+06 -1.416128316554932098e-02
5.899800000000000000e+04 3.210500000000000000e+04 1.496661008436700513e+03 7.355800987202223951e+02 3.967234045407428872e+06 -1.326232302835705923e-02
5.899800000000000000e+04 3.211500000000000000e+04 1.498850694529656948e+03 8.015070307152494706e+02 3.967227687242676504e+06 -2.594067239158448501e-02
5.899800000000000000e+04 3.212500000000000000e+04 1.677875490444652996e+03 8.266375063438003963e+02 3.967221343380152248e+06 -2.506321708085579303e-02
5.899800000000000000e+04 3.213500000000000000e+04 1.546940760344181172e+03 8.457706031600966980e+02 3.967214995638314635e+06 -2.886710380641943630e-02
5.899800000000000000e+04 3.214500000000000000e+04 1.615364816525889637e+03 7.949212749807223872e+02 3.967208654839325231e+06 -2.658782270270876325e-02
5.899800000000000000e+04 3.215500000000000000e+04 1.337916418153768745e+03 7.612429911129885340e+02 3.967202318762843497e+06 -2.050545000793135841e-02
5.899800000000000000e+04 3.216500000000000000e+04 1.506351769525437703e+03 7.330339019461295038e+02 3.967195986828091089e+06 -1.126262534830857476e-02
5.899800000000000000e+04 3.217500000000000000e+04 1.681165170345580691e+03 7.558251733848948106e+02 3.967189661430012435e+06 3.471570445299221319e-03
5.899800000000000000e+04 3.218500000000000000e+04 1.461156599760844074e+03 7.517975323465718702e+02 3.967183323040396906e+06 4.102700693920269259e-03
5.899800000000000000e+04 3.219500000000000000e+04 1.379297704248060199e+03 7.080793400899708558e+02 3.967176994099594187e+06 1.300264533085737639e-02
5.899800000000000000e+04 3.220500000000000000e+04 1.263106183805033652e+03 6.919099386261215159e+02 3.967170660811314359e+06 1.630436479035779485e-02
5.899800000000000000e+04 3.221500000000000000e+04 1.326633857539931114e+03 6.935683886589474696e+02 3.967164328925586771e+06 1.968482069560195669e-02
5.899800000000000000e+04 3.222500000000000000e+04 1.226149373208837233e+03 7.131226673326905257e+02 3.967158000994974747e+06 2.562114589352404437e-02
5.899800000000000000e+04 3.223500000000000000e+04 1.300641745023146768e+03 6.888377176142079179e+02 3.967151663073399570e+06 2.008943596808876464e-02
5.899800000000000000e+04 3.224500000000000000e+04 1.201096455364547410e+03 6.672049546298134146e+02 3.967145333186751697e+06 2.103531766510968737e-02
5.899800000000000000e+04 3.225500000000000000e+04 1.299146392973512775e+03 7.108790612920538479e+02 3.967138999623703770e+06 1.666472454076028953e-02
5.899800000000000000e+04 3.226500000000000000e+04 1.378854537863428959e+03 6.628995921307147228e+02 3.967132671597760636e+06 1.610590448854054557e-02
5.899800000000000000e+04 3.227500000000000000e+04 1.330165906391780254e+03 6.879198793430747401e+02 3.967126345551634673e+06 1.571376020228854031e-02
5.899800000000000000e+04 3.228500000000000000e+04 1.288206499177883870e+03 6.927680649085111781e+02 3.967120020339407492e+06 1.425197162700442277e-02
5.899800000000000000e+04 3.229500000000000000e+04 1.280794083290374601e+03 7.651231817902877310e+02 3.967113690589044709e+06 6.255466305219670176e-03
5.899800000000000000e+04 3.230500000000000000e+04 1.456476880198239314e+03 7.413718360096187325e+02 3.967107364307133947e+06 -3.648742948598737712e-04
5.899800000000000000e+04 3.231500000000000000e+04 1.388513855552371751e+03 8.117613724753783799e+02 3.967101038801228162e+06 -8.399917613473917299e-03
5.899800000000000000e+04 3.232500000000000000e+04 1.899594228805455941e+03 9.520943662130900975e+02 3.967094708014049102e+06 -2.400810859057855851e-02
