# Observation conducted on 2020.02.22 at Hh rev. 0 
# \Base frequency: 8400.49 MHz 
#  Format :           Modified JD   |       Time(UTC) [s]  | Signal-to-Noise ratio  |               Spectral max     |  Freq. detection [Hz]  |  Doppler noise [Hz] 
# 
5.890100000000000000e+04 5.877500000000000000e+03 6.066041656557209727e+00 6.763715026914445261e-01 4.040090442698205821e+06 1.960567836011759937e+02
5.890100000000000000e+04 5.882500000000000000e+03 3.755292923681698092e+00 5.685585675183153498e-01 4.036845673607895151e+06 -3.051103689364623278e+03
5.890100000000000000e+04 5.887500000000000000e+03 3.910345426211967013e+00 6.010857369411805040e-01 4.036880926513339859e+06 -3.018451500700786710e+03
5.890100000000000000e+04 5.892500000000000000e+03 7.583436084104612895e+00 7.208496547983126446e-01 4.040085028437978122e+06 1.828508524009957910e+02
5.890100000000000000e+04 5.897500000000000000e+03 4.737945426557066853e+00 5.832943185328101077e-01 4.040079642263430636e+06 1.744769080113619566e+02
5.890100000000000000e+04 5.902500000000000000e+03 4.803367041147772021e+00 5.751110431310326732e-01 4.040080664944813121e+06 1.723344414192251861e+02
5.890100000000000000e+04 5.907500000000000000e+03 6.602562841306567343e+00 6.999379023938991917e-01 4.040075333826515824e+06 1.636717675402760506e+02
5.890100000000000000e+04 5.912500000000000000e+03 5.224967410338127394e+00 6.126431984998457203e-01 4.040074433817050420e+06 1.592849024063907564e+02
5.890100000000000000e+04 5.917500000000000000e+03 9.069463878370399357e+00 8.023875673247375939e-01 4.040069946860111784e+06 1.511670208587311208e+02
5.890100000000000000e+04 5.922500000000000000e+03 6.171438529858287225e+00 6.501634706681804765e-01 4.041845407055104151e+06 1.922863563711754978e+03
5.890100000000000000e+04 5.927500000000000000e+03 5.615592339935594701e+00 6.310497573546394179e-01 4.040309810352626257e+06 3.833819198734126985e+02
5.890100000000000000e+04 5.932500000000000000e+03 4.306742426904881960e+00 5.551146725116983260e-01 4.040064200467861257e+06 1.337773263738490641e+02
5.890100000000000000e+04 5.937500000000000000e+03 6.622883750710173878e+00 6.960871323329934635e-01 4.040061032343086321e+06 1.265163175063207746e+02
5.890100000000000000e+04 5.942500000000000000e+03 5.088409588177205123e+00 5.851870755433059568e-01 4.040059505253570620e+06 1.208098173676989973e+02
5.890100000000000000e+04 5.947500000000000000e+03 4.633790567856466147e+00 5.516577501930653993e-01 4.043170340307744220e+06 3.227390626655425876e+03
5.890100000000000000e+04 5.952500000000000000e+03 3.193300421780090215e+00 5.178060498356100716e-01 4.036189211790920701e+06 -3.758055246968287975e+03
5.890100000000000000e+04 5.957500000000000000e+03 4.877689002283495334e+00 5.775906406652830949e-01 4.041735476208839566e+06 1.783840441302862018e+03
5.890100000000000000e+04 5.962500000000000000e+03 6.997192435872926275e+00 6.982992119501643113e-01 4.040049276856204495e+06 9.323272858792915940e+01
5.890100000000000000e+04 5.967500000000000000e+03 4.103239105201595294e+00 5.306882828565469001e-01 4.040472633095373400e+06 5.121527096508070827e+02
5.890100000000000000e+04 5.972500000000000000e+03 4.306857446789832622e+00 6.041532803559058751e-01 4.043595108448612038e+06 3.630175615785177797e+03
5.890100000000000000e+04 5.977500000000000000e+03 6.856712500898387574e+00 6.669970916493249691e-01 4.040039368734266143e+06 6.997893762681633234e+01
5.890100000000000000e+04 5.982500000000000000e+03 3.841813818664984836e+00 5.263021367395173122e-01 4.040040224356135819e+06 6.638470115885138512e+01
5.890100000000000000e+04 5.987500000000000000e+03 4.695440407553706841e+00 5.850677337933162248e-01 4.040034903905116953e+06 5.663305599614977837e+01
5.890100000000000000e+04 5.992500000000000000e+03 7.603898285323682060e+00 7.502339718678614489e-01 4.040030311494468711e+06 4.763959728088229895e+01
5.890100000000000000e+04 5.997500000000000000e+03 7.020066476930125532e+00 7.095157336783489699e-01 4.040030622063488699e+06 4.359065600065514445e+01
5.890100000000000000e+04 6.002500000000000000e+03 5.576146555577112807e+00 6.195707602926024959e-01 4.040029972243787721e+06 3.863415189599618316e+01
5.890100000000000000e+04 6.007500000000000000e+03 4.501309727698872720e+00 5.759480005852675166e-01 4.040024286342013162e+06 2.870556281879544258e+01
5.890100000000000000e+04 6.012500000000000000e+03 4.701550593604705952e+00 5.622094252425571259e-01 4.042025171636529267e+06 2.025423208050895482e+03
5.890100000000000000e+04 6.017500000000000000e+03 4.380225961082356179e+00 5.586475539276088975e-01 4.040019835410029627e+06 1.600526755163446069e+01
5.890100000000000000e+04 6.022500000000000000e+03 4.989887748861556283e+00 5.926277730789205611e-01 4.040019562664744910e+06 1.174748380156233907e+01
5.890100000000000000e+04 6.027500000000000000e+03 5.807686795564959148e+00 6.489678463453862900e-01 4.040015365822006017e+06 3.672848002519458532e+00
5.890100000000000000e+04 6.032500000000000000e+03 8.029217862808032180e+00 7.558737789809905072e-01 4.040014200115105137e+06 -1.253020428586751223e+00
5.890100000000000000e+04 6.037500000000000000e+03 5.985784695024736202e+00 6.536992886118504487e-01 4.040010109973342158e+06 -8.975503171794116497e+00
5.890100000000000000e+04 6.042500000000000000e+03 6.531510845711335556e+00 6.938034004231172780e-01 4.040009639943401795e+06 -1.294007499516010284e+01
5.890100000000000000e+04 6.047500000000000000e+03 7.198833108363240640e+00 7.205041438831069067e-01 4.040004813282398041e+06 -2.111372407479211688e+01
5.890100000000000000e+04 6.052500000000000000e+03 5.904932678953510816e+00 6.151219152639070264e-01 4.040004094924173318e+06 -2.502199905551970005e+01
5.890100000000000000e+04 6.057500000000000000e+03 7.925482125952624024e+00 7.459793239033226664e-01 4.039999357872649562e+06 -3.278262906707823277e+01
5.890100000000000000e+04 6.062500000000000000e+03 5.515607240343661566e+00 6.171873653616618549e-01 4.039998608868270647e+06 -3.637987064570188522e+01
5.890100000000000000e+04 6.067500000000000000e+03 9.303990938048871229e+00 8.622510820433963996e-01 4.039994963556014001e+06 -4.268935308465734124e+01
5.890100000000000000e+04 6.072500000000000000e+03 8.450852004748821145e+00 7.895595172647942306e-01 4.039989919841631316e+06 -5.020473555801436305e+01
5.890100000000000000e+04 6.077500000000000000e+03 1.204028873262891253e+01 9.973314121007726962e-01 4.039990143542096950e+06 -5.225207003951072693e+01
5.890100000000000000e+04 6.082500000000000000e+03 8.223748080551539275e+00 7.544900740031869057e-01 4.039990778618504293e+06 -5.367958176275715232e+01
5.890100000000000000e+04 6.087500000000000000e+03 7.067957295259543749e+00 7.231464431738138243e-01 4.039984673270503525e+06 -6.163158815680071712e+01
5.890100000000000000e+04 6.092500000000000000e+03 5.394437060478375123e+00 6.071621876193494804e-01 4.039984631042672321e+06 -6.329740583058446646e+01
5.890100000000000000e+04 6.097500000000000000e+03 9.310050790278465271e+00 8.356333112744319669e-01 4.039979325867787004e+06 -6.999632067326456308e+01
5.890100000000000000e+04 6.102500000000000000e+03 5.307111665594468342e+00 5.961445889166581136e-01 4.039981029462756589e+06 -6.945020527765154839e+01
5.890100000000000000e+04 6.107500000000000000e+03 8.994078394105837759e+00 8.526237634522203512e-01 4.039974856708348729e+06 -7.653815258340910077e+01
5.890100000000000000e+04 6.112500000000000000e+03 5.304269238867415304e+00 6.531050774714158846e-01 4.039974566350368317e+06 -7.749578805966302752e+01
5.890100000000000000e+04 6.117500000000000000e+03 8.305520416542565343e+00 8.184902133423382908e-01 4.039970900038868655e+06 -8.157624385738745332e+01
5.890100000000000000e+04 6.122500000000000000e+03 3.794645623198476869e+00 5.203047805820956162e-01 4.039680350557804573e+06 -3.722819425235502422e+02
5.890100000000000000e+04 6.127500000000000000e+03 5.146699085191956513e+00 6.165728942197239437e-01 4.039963937139433809e+06 -8.858929595956578851e+01
5.890100000000000000e+04 6.132500000000000000e+03 3.863659528975984969e+00 5.383212787984088532e-01 4.039964573295108974e+06 -8.758088799612596631e+01
5.890100000000000000e+04 6.137500000000000000e+03 4.891561123764501140e+00 6.020912343931255073e-01 4.039959965918255970e+06 -9.154638477554544806e+01
5.890100000000000000e+04 6.142500000000000000e+03 4.800257986311498470e+00 6.074404660796945965e-01 4.039834856616910547e+06 -2.157412155866622925e+02
5.890100000000000000e+04 6.147500000000000000e+03 6.517700563709683870e+00 7.044389735773199934e-01 4.039954005879695527e+06 -9.540242024138569832e+01
5.890100000000000000e+04 6.152500000000000000e+03 8.862268769553935499e+00 7.983022866383163718e-01 4.039954150817445014e+06 -9.379092082101851702e+01
5.890100000000000000e+04 6.157500000000000000e+03 1.071937620480404085e+01 8.903299731996169308e-01 4.039950422050443944e+06 -9.577464780118316412e+01
5.890100000000000000e+04 6.162500000000000000e+03 6.263961458413719541e+00 6.718011764573988964e-01 4.039950700104996562e+06 -9.347215684130787849e+01
5.890100000000000000e+04 6.167500000000000000e+03 1.106893345009407348e+01 9.139944415321903382e-01 4.039945333736714907e+06 -9.653431886807084084e+01
5.890100000000000000e+04 6.172500000000000000e+03 7.506176155469477251e+00 7.579154081284152911e-01 4.039939736657541245e+06 -9.954760640952736139e+01
5.890100000000000000e+04 6.177500000000000000e+03 5.932175313574446385e+00 6.661054565962429841e-01 4.039939917906101793e+06 -9.650373661192134023e+01
5.890100000000000000e+04 6.182500000000000000e+03 4.981365149920315538e+00 5.721616679275719486e-01 4.039935751668182202e+06 -9.752986412309110165e+01
5.890100000000000000e+04 6.187500000000000000e+03 8.952193340359679397e+00 8.563829035389447508e-01 4.039934862127207220e+06 -9.500374397821724415e+01
5.890100000000000000e+04 6.192500000000000000e+03 1.078677054677982028e+01 9.425596310941063427e-01 4.039931152416356374e+06 -9.502479285141453147e+01
5.890100000000000000e+04 6.197500000000000000e+03 9.740333875236586891e+00 7.922696290432099664e-01 4.039930168802217580e+06 -9.204991876054555178e+01
5.890100000000000000e+04 6.202500000000000000e+03 6.257043315276535012e+00 6.384293134685722348e-01 4.039926066989853978e+06 -9.192722936812788248e+01
5.890100000000000000e+04 6.207500000000000000e+03 8.868303861530739240e+00 8.409999608413961658e-01 4.039925555838060100e+06 -8.795233008824288845e+01
5.890100000000000000e+04 6.212500000000000000e+03 5.199936486025184657e+00 6.295818200765674888e-01 4.039920860937467776e+06 -8.790475934511050582e+01
5.890100000000000000e+04 6.217500000000000000e+03 7.002543866356786495e+00 7.316409139535073880e-01 4.039920226672432385e+06 -8.354594004806131124e+01
5.890100000000000000e+04 6.222500000000000000e+03 6.496738352202741318e+00 7.073863913029706518e-01 4.039914510960825253e+06 -8.402445316826924682e+01
5.890100000000000000e+04 6.227500000000000000e+03 6.438171886653621279e+00 6.710808657505180630e-01 4.039915642267467920e+06 -7.741903766291216016e+01
5.890100000000000000e+04 6.232500000000000000e+03 6.382972746248933404e+00 6.671783026178356169e-01 4.039911198533527087e+06 -7.615967444796115160e+01
5.890100000000000000e+04 6.237500000000000000e+03 6.353544771588015116e+00 6.513949419715375777e-01 4.039909194901542738e+06 -7.223987473314628005e+01
5.890100000000000000e+04 6.242500000000000000e+03 6.014247521499425098e+00 6.501734089760777824e-01 4.039905586383512244e+06 -6.971402529999613762e+01
5.890100000000000000e+04 6.247500000000000000e+03 5.884195063140144732e+00 6.373701494967016767e-01 4.039903972613632679e+06 -6.499264912679791451e+01
5.890100000000000000e+04 6.252500000000000000e+03 8.336192769324494378e+00 7.989633967533378289e-01 4.039900967725784052e+06 -6.147254126705229282e+01
5.890100000000000000e+04 6.257500000000000000e+03 5.912401355709143935e+00 6.675496437486225787e-01 4.039900714651540387e+06 -5.502248420147225261e+01
5.890100000000000000e+04 6.262500000000000000e+03 7.146546461127270433e+00 7.043992759488003630e-01 4.039894758636853192e+06 -5.410974452085793018e+01
5.890100000000000000e+04 6.267500000000000000e+03 8.991746536798704170e+00 8.640013415624896442e-01 4.039893689754360355e+06 -4.815757398074492812e+01
5.890100000000000000e+04 6.272500000000000000e+03 6.903755502507254782e+00 6.923934722970116473e-01 4.039890081115128938e+06 -4.460701112262904644e+01
5.890100000000000000e+04 6.277500000000000000e+03 5.016553973371778774e+00 5.962818845081389041e-01 4.041330164753363468e+06 1.402758990073576570e+03
5.890100000000000000e+04 6.282500000000000000e+03 6.918698848127375456e+00 7.024572685450267695e-01 4.039885052140151151e+06 -3.496393943438306451e+01
5.890100000000000000e+04 6.287500000000000000e+03 1.055610887587884150e+01 9.185483601301324130e-01 4.039884251877664588e+06 -2.828390290727838874e+01
5.890100000000000000e+04 6.292500000000000000e+03 4.745166786634259282e+00 6.008880866852447378e-01 4.039880135988621507e+06 -2.484646173473447561e+01
5.890100000000000000e+04 6.297500000000000000e+03 9.808014702175441357e+00 8.922627423660884904e-01 4.039879463810468093e+06 -1.791075460845604539e+01
5.890100000000000000e+04 6.302500000000000000e+03 1.124349675436925722e+01 9.410048238137639354e-01 4.039875073328693863e+06 -1.465817757835611701e+01
5.890100000000000000e+04 6.307500000000000000e+03 5.486714074697214727e+00 6.261858130840135539e-01 4.039874110202254262e+06 -7.963371990248560905e+00
5.890100000000000000e+04 6.312500000000000000e+03 9.165738285136511010e+00 9.086253402322554962e-01 4.039870531574173830e+06 -3.890427243895828724e+00
5.890100000000000000e+04 6.317500000000000000e+03 6.191819323212222059e+00 7.003690145027762215e-01 4.039869768077040091e+06 2.969111328478902578e+00
5.890100000000000000e+04 6.322500000000000000e+03 9.633334859205499257e+00 8.428492684973323268e-01 4.039865119104933459e+06 5.891501036938279867e+00
5.890100000000000000e+04 6.327500000000000000e+03 6.180390733431411654e+00 6.511342272068788573e-01 4.039864232437683735e+06 1.250041272211819887e+01
5.890100000000000000e+04 6.332500000000000000e+03 6.050588937011161406e+00 6.538576388054850863e-01 4.039860266762081068e+06 1.592943859985098243e+01
5.890100000000000000e+04 6.337500000000000000e+03 6.746446276898320882e+00 6.607720441223224883e-01 4.039859595945842564e+06 2.252635287120938301e+01
5.890100000000000000e+04 6.342500000000000000e+03 7.224410090408523111e+00 7.561054784142612339e-01 4.039854854710191023e+06 2.489877092977985740e+01
5.890100000000000000e+04 6.347500000000000000e+03 7.932449914530356416e+00 7.732666087572941382e-01 4.039853867696823552e+06 3.084320297045633197e+01
5.890100000000000000e+04 6.352500000000000000e+03 8.902119851538794038e+00 8.251844577279353610e-01 4.039849176225605421e+06 3.287179831787943840e+01
5.890100000000000000e+04 6.357500000000000000e+03 6.507667057818345313e+00 6.485913835191254861e-01 4.039849700840178877e+06 3.987487767031416297e+01
5.890100000000000000e+04 6.362500000000000000e+03 6.653640354869885698e+00 6.470911160236503257e-01 4.039844189152694773e+06 4.056876447191461921e+01
5.890100000000000000e+04 6.367500000000000000e+03 7.236771536967208540e+00 7.744047789971163498e-01 4.039844865514334757e+06 4.714544206345453858e+01
5.890100000000000000e+04 6.372500000000000000e+03 6.798042492547568649e+00 7.079720991810607433e-01 4.039840252244843636e+06 4.809376985626295209e+01
5.890100000000000000e+04 6.377500000000000000e+03 5.023565304213036598e+00 6.084131678251791797e-01 4.039835442860994488e+06 4.847269843425601721e+01
5.890100000000000000e+04 6.382500000000000000e+03 6.085133291115574217e+00 6.448931963674502388e-01 4.039834220170857850e+06 5.202935045445337892e+01
5.890100000000000000e+04 6.387500000000000000e+03 4.249068066358968387e+00 5.509315406565172824e-01 4.039835009852957446e+06 5.715258644102141261e+01
5.890100000000000000e+04 6.392500000000000000e+03 8.902842576991224277e+00 8.083069869799760498e-01 4.039829986927630845e+06 5.597946278192102909e+01
5.890100000000000000e+04 6.397500000000000000e+03 6.152982581945831697e+00 6.537147977229926799e-01 4.039829791426804848e+06 5.911088814260438085e+01
5.890100000000000000e+04 6.402500000000000000e+03 5.606810717977402270e+00 6.722310379167519834e-01 4.039824570138928946e+06 5.665335503127425909e+01
5.890100000000000000e+04 6.407500000000000000e+03 8.127060656136988470e+00 7.676677212110304405e-01 4.039824822021327447e+06 5.906433878885582089e+01
5.890100000000000000e+04 6.412500000000000000e+03 7.948397327818346625e+00 8.161255446648485457e-01 4.039820156899793539e+06 5.591098382137715816e+01
5.890100000000000000e+04 6.417500000000000000e+03 6.912663494483071602e+00 6.903202977283473540e-01 4.039815821984360460e+06 5.239660600246861577e+01
5.890100000000000000e+04 6.422500000000000000e+03 9.757524346116982272e+00 8.742028569001838445e-01 4.039815628422073554e+06 5.228723208652809262e+01
5.890100000000000000e+04 6.427500000000000000e+03 7.155049568261346415e+00 7.541506190200454318e-01 4.039814654652974568e+06 5.061494232481345534e+01
5.890100000000000000e+04 6.432500000000000000e+03 8.238154329813486498e+00 7.584038095685036174e-01 4.039810447220318951e+06 4.487866732105612755e+01
5.890100000000000000e+04 6.437500000000000000e+03 5.890571920964787545e+00 6.493816589047918253e-01 4.039810393124682363e+06 4.241652877442538738e+01
5.890100000000000000e+04 6.442500000000000000e+03 9.060992150631525632e+00 8.393621159767626905e-01 4.039805762955978978e+06 3.444895813101902604e+01
5.890100000000000000e+04 6.447500000000000000e+03 7.073930570074729474e+00 7.295521857071107785e-01 4.039805455352035351e+06 2.982314179744571447e+01
5.890100000000000000e+04 6.452500000000000000e+03 7.747361008945579997e+00 7.711477630672515238e-01 4.039798482234640047e+06 1.749824382318183780e+01
5.890100000000000000e+04 6.457500000000000000e+03 8.156619311822119300e+00 7.851532092588843215e-01 4.039799235148786567e+06 1.181173178367316723e+01
5.890100000000000000e+04 6.462500000000000000e+03 1.121937969006527069e+01 1.000000000000000000e+00 4.039794973509845324e+06 -3.238941775634884834e-02
5.890100000000000000e+04 6.467500000000000000e+03 3.912518077503636782e+00 5.371970399347708591e-01 4.039789343688016757e+06 -1.444450645567849278e+01
5.890100000000000000e+04 6.472500000000000000e+03 6.025074517159545451e+00 6.594852608482995038e-01 4.039789962189357262e+06 -2.386622992297634482e+01
5.890100000000000000e+04 6.477500000000000000e+03 6.560503756137391562e+00 6.882870796835964811e-01 4.039785446826327592e+06 -3.973923714319244027e+01
5.890100000000000000e+04 6.482500000000000000e+03 7.286275900477059864e+00 7.629638685098306672e-01 4.039785622624938842e+06 -5.229937839414924383e+01
5.890100000000000000e+04 6.487500000000000000e+03 6.581142645755536869e+00 6.797062706921672692e-01 4.039783821507284883e+06 -6.827700773486867547e+01
5.890100000000000000e+04 6.492500000000000000e+03 7.502224132783002375e+00 7.599815784260605112e-01 4.039778521496804897e+06 -8.925779110891744494e+01
5.890100000000000000e+04 6.497500000000000000e+03 6.359591453840843123e+00 6.566009096679242818e-01 4.039775444912506733e+06 -1.095845254841260612e+02
5.890100000000000000e+04 6.502500000000000000e+03 5.876597581553392402e+00 6.365945649742219548e-01 4.039774312467931770e+06 -1.296030532526783645e+02
5.890100000000000000e+04 6.507500000000000000e+03 5.644318083918262730e+00 6.303948255856320904e-01 4.042364980652899947e+06 2.440475106150377542e+03
5.890100000000000000e+04 6.512500000000000000e+03 9.537425733784195003e+00 9.100995922988971421e-01 4.039770104389780201e+06 -1.767646008450537920e+02
5.890100000000000000e+04 6.517500000000000000e+03 8.559054796263648512e+00 7.782215789902154901e-01 4.039766127876010258e+06 -2.049489327920600772e+02
5.890100000000000000e+04 6.522500000000000000e+03 7.175322209705266019e+00 7.160199219348011290e-01 4.039764904094955418e+06 -2.322973557268269360e+02
5.890100000000000000e+04 6.527500000000000000e+03 5.313284310444666758e+00 6.217176951397982432e-01 4.039759974367232062e+06 -2.653425052147358656e+02
5.890100000000000000e+04 6.532500000000000000e+03 8.288714052177509117e+00 7.969338692874170516e-01 4.039760146605359390e+06 -2.953519450556486845e+02
5.890100000000000000e+04 6.602500000000000000e+03 7.888089429793115670e+00 6.254059122289690187e-01 4.039720245610616636e+06 -3.328976798802614212e+00
5.890100000000000000e+04 6.607500000000000000e+03 6.051675238915151134e+00 5.468075904396598741e-01 4.039719847710626200e+06 -5.406870571430772543e+00
5.890100000000000000e+04 6.612500000000000000e+03 8.245244564246196006e+00 7.257303399066482585e-01 4.039716767254596110e+06 -9.750989471096545458e+00
5.890100000000000000e+04 6.617500000000000000e+03 7.069073970292047981e+00 5.954038216740090705e-01 4.039712517750486732e+06 -1.486876579793170094e+01
5.890100000000000000e+04 6.622500000000000000e+03 8.458155207881487669e+00 7.076497302664022104e-01 4.039710838928139769e+06 -1.704082597233355045e+01
5.890100000000000000e+04 6.627500000000000000e+03 6.492290897149723072e+00 5.412781473232536333e-01 4.039710426964019425e+06 -1.759077303856611252e+01
5.890100000000000000e+04 6.632500000000000000e+03 6.126778572589850924e+00 5.765228519602612067e-01 4.039704931037368253e+06 -2.288863775460049510e+01
5.890100000000000000e+04 6.637500000000000000e+03 9.063895627000134070e+00 7.264075725147064455e-01 4.039705015921587590e+06 -2.228829445177689195e+01
5.890100000000000000e+04 6.642500000000000000e+03 6.472721485610981595e+00 6.371310018608822290e-01 4.039700367655722424e+06 -2.612179679516702890e+01
5.890100000000000000e+04 6.647500000000000000e+03 6.844268008922879787e+00 5.862615638024701870e-01 4.039699276404407807e+06 -2.611652508238330483e+01
5.890100000000000000e+04 6.652500000000000000e+03 9.732356512575448093e+00 7.944715459055825546e-01 4.039694688120715320e+06 -2.934353064093738794e+01
5.890100000000000000e+04 6.657500000000000000e+03 1.037379065817409085e+01 9.187036367447917184e-01 4.039695135426911991e+06 -2.728666231036186218e+01
5.890100000000000000e+04 6.662500000000000000e+03 1.086136486520542022e+01 9.144681748056373571e-01 4.039690765969335102e+06 -2.981421881401911378e+01
5.890100000000000000e+04 6.667500000000000000e+03 1.024631140376161653e+01 8.411991701870249472e-01 4.039688425594499335e+06 -3.009577989391982555e+01
5.890100000000000000e+04 6.672500000000000000e+03 1.672964859857842868e+01 4.772292711536595955e-01 4.039875353278948925e+06 1.590927162952721119e+02
5.890100000000000000e+04 6.677500000000000000e+03 7.233884833043157769e+00 6.532078478257480336e-01 4.039684044324877206e+06 -2.976783843571320176e+01
5.890100000000000000e+04 6.682500000000000000e+03 7.868123349583983739e+00 7.226479752724489503e-01 4.039680785777505953e+06 -3.040431217523291707e+01
5.890100000000000000e+04 6.687500000000000000e+03 6.993930500999950617e+00 6.922799684900589057e-01 4.039678993380521890e+06 -2.941438472131267190e+01
5.890100000000000000e+04 6.692500000000000000e+03 9.044978645868164691e+00 8.382710298898760071e-01 4.039675206055757124e+06 -3.027207513945177197e+01
5.890100000000000000e+04 6.697500000000000000e+03 5.614902276689879734e+00 5.104189864298865897e-01 4.039670741303166375e+06 -3.167234903527423739e+01
5.890100000000000000e+04 6.702500000000000000e+03 9.359043335812586406e+00 8.697192297771633163e-01 4.039668854742435738e+06 -3.037158418633043766e+01
5.890100000000000000e+04 6.707500000000000000e+03 6.695448329069002114e+00 6.546490452276630956e-01 4.039664446462536231e+06 -3.148122823005542159e+01
5.890100000000000000e+04 6.712500000000000000e+03 7.603922027183790178e+00 6.852744029874655585e-01 4.039666974841894116e+06 -2.555398574285209179e+01
5.890100000000000000e+04 6.717500000000000000e+03 6.901627889364553958e+00 6.531725893888380430e-01 4.039659471484431997e+06 -2.956888944003731012e+01
5.890100000000000000e+04 6.722500000000000000e+03 8.002893547784209360e+00 7.733695245688176900e-01 4.039659427238466684e+06 -2.604528851900249720e+01
5.890100000000000000e+04 6.727500000000000000e+03 5.481380484430107281e+00 5.279045168254022924e-01 4.039655046019015834e+06 -2.678903360059484839e+01
5.890100000000000000e+04 6.732500000000000000e+03 7.861064484413920361e+00 7.124065892917111897e-01 4.039656042451072950e+06 -2.209484069887548685e+01
5.890100000000000000e+04 6.737500000000000000e+03 6.997580633702981778e+00 7.040635140135216297e-01 4.039653984455508646e+06 -2.040371255669742823e+01
5.890100000000000000e+04 6.742500000000000000e+03 6.254003585445730096e+00 5.565737461095519034e-01 4.039650754950035829e+06 -1.984124493272975087e+01
5.890100000000000000e+04 6.747500000000000000e+03 6.589193573931316550e+00 6.379043845860996598e-01 4.039645686098225880e+06 -2.108338482258841395e+01
5.890100000000000000e+04 6.752500000000000000e+03 8.374933698798551873e+00 7.650601029067396475e-01 4.039643918205219321e+06 -1.899754199665039778e+01
5.890100000000000000e+04 6.757500000000000000e+03 8.684701419298676228e+00 8.117298086063325924e-01 4.039640559013292659e+06 -1.848330067424103618e+01
5.890100000000000000e+04 6.762500000000000000e+03 4.805137045237098725e+00 5.209325348424911351e-01 4.039639739693124779e+06 -1.541643550153821707e+01
5.890100000000000000e+04 6.767500000000000000e+03 6.420287149937559334e+00 6.265733668399759981e-01 4.039636072274616454e+06 -1.519148797634989023e+01
5.890100000000000000e+04 6.772500000000000000e+03 7.593126425434787663e+00 6.642748260507823632e-01 4.039635167899021413e+06 -1.220352156134322286e+01
5.890100000000000000e+04 6.777500000000000000e+03 6.198615068022456320e+00 6.443431519684496012e-01 4.039630598910258152e+06 -1.288603761466220021e+01
5.890100000000000000e+04 6.782500000000000000e+03 5.501745977269090204e+00 5.655334580945067247e-01 4.039629702932050917e+06 -9.906905494630336761e+00
5.890100000000000000e+04 6.787500000000000000e+03 6.248863489476858213e+00 6.345871899900532576e-01 4.039625749427720439e+06 -1.000181001145392656e+01
5.890100000000000000e+04 6.792500000000000000e+03 7.059905173301146419e+00 7.798858375268519216e-01 4.039624905323947780e+06 -7.008634905796498060e+00
5.890100000000000000e+04 6.797500000000000000e+03 7.360346193349784905e+00 7.026773814353924896e-01 4.039619414164834190e+06 -8.688316036947071552e+00
5.890100000000000000e+04 6.802500000000000000e+03 4.048183824268362763e+00 4.389116100134889953e-01 4.039617680810520425e+06 -6.640150002669543028e+00
5.890100000000000000e+04 6.807500000000000000e+03 7.909894798932880278e+00 7.822046644798537063e-01 4.039615174392182380e+06 -5.398846391588449478e+00
5.890100000000000000e+04 6.812500000000000000e+03 7.942934650363621785e+00 8.163840290324233528e-01 4.039615093599343672e+06 -1.769247712101787329e+00
5.890100000000000000e+04 6.817500000000000000e+03 7.492394322515933069e+00 7.311175859187426518e-01 4.039610330122373533e+06 -2.862894136458635330e+00
5.890100000000000000e+04 6.822500000000000000e+03 7.733961437117803150e+00 7.881018154092348516e-01 4.039609449040678330e+06 -1.176425567828118801e-01
5.890100000000000000e+04 6.827500000000000000e+03 9.413239719772732883e+00 9.592796512423119593e-01 4.039604747201854363e+06 -1.239294675644487143e+00
5.890100000000000000e+04 6.832500000000000000e+03 4.934564745910131833e+00 5.112413375558578776e-01 4.039604123982038815e+06 1.669156103394925594e+00
5.890100000000000000e+04 6.837500000000000000e+03 6.575558244455889323e+00 6.715609124148317344e-01 4.039600504082087427e+06 1.530313609633594751e+00
5.890100000000000000e+04 6.842500000000000000e+03 7.133536061121259486e+00 7.194664005677582352e-01 4.039600097111214884e+06 4.551955297123640776e+00
5.890100000000000000e+04 6.847500000000000000e+03 7.396071844475774704e+00 7.775392698011667214e-01 4.039594288154139649e+06 2.117592153605073690e+00
5.890100000000000000e+04 6.852500000000000000e+03 5.616261475517194235e+00 5.925899487592181103e-01 4.039591534242225811e+06 2.682932590134441853e+00
5.890100000000000000e+04 6.857500000000000000e+03 7.234071229654885471e+00 7.840748437285797179e-01 4.039591066529464908e+06 5.478051185142248869e+00
5.890100000000000000e+04 6.862500000000000000e+03 7.635975015167548285e+00 8.355724666676561663e-01 4.039590176165687386e+06 7.793254649266600609e+00
5.890100000000000000e+04 6.867500000000000000e+03 6.734933883530892729e+00 6.547880465735681499e-01 4.039584430244994815e+06 5.195023015141487122e+00
5.890100000000000000e+04 6.872500000000000000e+03 5.925217015735321446e+00 6.280233415424759658e-01 4.039580735639544204e+06 4.589836174622178078e+00
5.890100000000000000e+04 6.877500000000000000e+03 7.050544013237709962e+00 6.867831058681851397e-01 4.039581073334225919e+06 7.958501319866627455e+00
5.890100000000000000e+04 6.882500000000000000e+03 8.852852344474948509e+00 8.853486825826519802e-01 4.039575395893175621e+06 5.253612202592194080e+00
5.890100000000000000e+04 6.887500000000000000e+03 8.431039551770576068e+00 8.612625967255119752e-01 4.039574412223014515e+06 7.184305137488991022e+00
5.890100000000000000e+04 6.892500000000000000e+03 4.684621077860769311e+00 5.174353832201114001e-01 4.039570457190159708e+06 6.085869065485894680e+00
5.890100000000000000e+04 6.897500000000000000e+03 6.185310219220979455e+00 6.417845394263903547e-01 4.039569906798973680e+06 8.334916460327804089e+00
5.890100000000000000e+04 6.902500000000000000e+03 5.632938596102795792e+00 5.991436426690820438e-01 4.039565874400562607e+06 7.045584881678223610e+00
5.890100000000000000e+04 6.907500000000000000e+03 6.980682671162170116e+00 7.465116028009006754e-01 4.039563950851307716e+06 7.809688264969736338e+00
5.890100000000000000e+04 6.912500000000000000e+03 7.575480838975254372e+00 7.648179996110919809e-01 4.039560529637217056e+06 7.021834027953445911e+00
5.890100000000000000e+04 6.917500000000000000e+03 7.119667062141650682e+00 8.015160172119328852e-01 4.039559563114603050e+06 8.635656505357474089e+00
5.890100000000000000e+04 6.922500000000000000e+03 7.077071238383219942e+00 7.643108253995021251e-01 4.039555187250875402e+06 6.788550496101379395e+00
5.890100000000000000e+04 6.927500000000000000e+03 7.681043337034024532e+00 8.315696883280054852e-01 4.039554220792572480e+06 8.300832051783800125e+00
5.890100000000000000e+04 6.932500000000000000e+03 6.621782152684818179e+00 7.013478525042127210e-01 4.039549890176795889e+06 6.400642669759690762e+00
5.890100000000000000e+04 6.937500000000000000e+03 6.845558157776440389e+00 7.532851340368129645e-01 4.039549782179800794e+06 8.676590633578598499e+00
5.890100000000000000e+04 6.942500000000000000e+03 9.505597713901009271e+00 9.856580393781461114e-01 4.039545644909804221e+06 6.878736587706953287e+00
5.890100000000000000e+04 6.947500000000000000e+03 4.488006282855013573e+00 5.018895131372415053e-01 4.039540649073881563e+06 4.179853176698088646e+00
5.890100000000000000e+04 6.952500000000000000e+03 8.487691207916675751e+00 9.118471139273226500e-01 4.039540278324580286e+06 6.065764428116381168e+00
5.890100000000000000e+04 6.957500000000000000e+03 6.797888429632552132e+00 6.836622553082472020e-01 4.039535550446707290e+06 3.556525288615375757e+00
5.890100000000000000e+04 6.962500000000000000e+03 6.773203052870441887e+00 7.511969604710558857e-01 4.039535040879974607e+06 5.229937023483216763e+00
5.890100000000000000e+04 6.967500000000000000e+03 6.050514648317001587e+00 6.706449693832506886e-01 4.039531380262211896e+06 3.719083196949213743e+00
5.890100000000000000e+04 6.972500000000000000e+03 5.838905073965058534e+00 6.671666969455083418e-01 4.039530441684162244e+06 4.899577208328992128e+00
5.890100000000000000e+04 6.977500000000000000e+03 7.546100966077196048e+00 8.195930042936581117e-01 4.039526364254937507e+06 2.913120519369840622e+00
5.890100000000000000e+04 6.982500000000000000e+03 7.398978425687947613e+00 7.728208427974658790e-01 4.039524978417408653e+06 3.592810786329209805e+00
5.890100000000000000e+04 6.987500000000000000e+03 5.424729479541404942e+00 6.261053493970849537e-01 4.039519975859445985e+06 6.330458694137632847e-01
5.890100000000000000e+04 6.992500000000000000e+03 5.263073530114476206e+00 6.518099908471811643e-01 4.039519892961008009e+06 2.572963665705174208e+00
5.890100000000000000e+04 6.997500000000000000e+03 7.034325627753037935e+00 8.008856296237505390e-01 4.039515562315405346e+06 2.479561395011842251e-01
5.890100000000000000e+04 7.002500000000000000e+03 6.677447769023692636e+00 7.002473921610401497e-01 4.039513717547572218e+06 3.944803434424102306e-01
5.890100000000000000e+04 7.007500000000000000e+03 8.055036793623946423e+00 8.502588641546188208e-01 4.039510029393685050e+06 -1.313869202975183725e+00
5.890100000000000000e+04 7.012500000000000000e+03 5.649720752891843389e+00 6.238620187275855100e-01 4.039503977538829204e+06 -5.394530094228684902e+00
5.890100000000000000e+04 7.017500000000000000e+03 8.425118568147382803e+00 9.295759103488029362e-01 4.039505065339637920e+06 -2.341256639920175076e+00
5.890100000000000000e+04 7.022500000000000000e+03 6.929795666319633618e+00 7.632356030163192084e-01 4.039504798069109675e+06 -6.458822921849787235e-01
5.890100000000000000e+04 7.027500000000000000e+03 8.314935039557351359e+00 9.200777290995082458e-01 4.039500255171220284e+06 -3.226072280202060938e+00
5.890100000000000000e+04 7.032500000000000000e+03 5.999275545524493936e+00 6.934253961126587429e-01 4.039499489122174680e+06 -2.026469598524272442e+00
5.890100000000000000e+04 7.037500000000000000e+03 5.673683540077736787e+00 6.496005866243002025e-01 4.039495870075679384e+06 -3.674056979827582836e+00
5.890100000000000000e+04 7.042500000000000000e+03 4.572484745327773936e+00 5.330390441001051638e-01 4.039494785814658273e+06 -2.778212423436343670e+00
5.890100000000000000e+04 7.047500000000000000e+03 5.965710929610950508e+00 6.771103847705254308e-01 4.039489470617761370e+06 -6.101849931292235851e+00
5.890100000000000000e+04 7.052500000000000000e+03 6.318684202469674105e+00 7.552162815232523752e-01 4.039485181819579564e+06 -8.384866533335298300e+00
5.890100000000000000e+04 7.057500000000000000e+03 6.418584403391932369e+00 7.028688624599369605e-01 4.039484767664128914e+06 -6.776296051684767008e+00
5.890100000000000000e+04 7.062500000000000000e+03 6.331113720343551243e+00 7.258476290182015456e-01 4.039479378063300159e+06 -1.012355789029970765e+01
5.890100000000000000e+04 7.067500000000000000e+03 6.524635149104027754e+00 7.101075061524561027e-01 4.039481053530404810e+06 -6.383530738763511181e+00
5.890100000000000000e+04 7.072500000000000000e+03 6.119406516842766486e+00 7.067939467966014577e-01 4.039474700748307165e+06 -1.064699167758226395e+01
5.890100000000000000e+04 7.077500000000000000e+03 5.993969666679290320e+00 6.835719960292347963e-01 4.039473625641930383e+06 -9.605550919659435749e+00
5.890100000000000000e+04 7.082500000000000000e+03 5.576233726895535980e+00 6.735576929442576022e-01 4.039469227890396025e+06 -1.185714691272005439e+01
5.890100000000000000e+04 7.087500000000000000e+03 5.755659838241628634e+00 6.672651225845587231e-01 4.039468370944736991e+06 -1.053603587439283729e+01
5.890100000000000000e+04 7.092500000000000000e+03 5.635775377791046203e+00 6.382779654064849595e-01 4.039465740970703773e+06 -1.095385622279718518e+01
5.890100000000000000e+04 7.097500000000000000e+03 6.982868815588014755e+00 7.877563613062994463e-01 4.039464605329526123e+06 -9.841155065223574638e+00
5.890100000000000000e+04 7.102500000000000000e+03 5.375489531291743894e+00 6.417122545238866937e-01 4.039459668662436772e+06 -1.249131091451272368e+01
5.890100000000000000e+04 7.107500000000000000e+03 5.278112312112723359e+00 6.551043525682742619e-01 4.039460210761704482e+06 -9.622669899370521307e+00
5.890100000000000000e+04 7.112500000000000000e+03 5.723488556513263603e+00 6.242692733303325525e-01 4.039455868151308503e+06 -1.159697233978658915e+01
5.890100000000000000e+04 7.117500000000000000e+03 6.057570495884144535e+00 5.196034529296638116e-01 4.039699020963954739e+06 2.339675170364789665e+02
5.890100000000000000e+04 7.122500000000000000e+03 7.479699212636258920e+00 8.238834638951207934e-01 4.039450071286293678e+06 -1.252565294550731778e+01
5.890100000000000000e+04 7.127500000000000000e+03 4.164122160730711286e+00 4.931011582673813787e-01 4.039450206090017688e+06 -9.888196040876209736e+00
5.890100000000000000e+04 7.132500000000000000e+03 7.238009556397338784e+00 8.412162357852956962e-01 4.039445078692548443e+06 -1.246563515393063426e+01
5.890100000000000000e+04 7.137500000000000000e+03 5.333948763816335870e+00 6.461727728483133149e-01 4.039444888745394535e+06 -1.005732121411710978e+01
5.890100000000000000e+04 7.142500000000000000e+03 6.280725391443996664e+00 7.358102311521199645e-01 4.039440481381549966e+06 -1.181729302788153291e+01
5.890100000000000000e+04 7.147500000000000000e+03 6.956793061797856836e+00 7.822438178286752475e-01 4.039440077463922556e+06 -9.524036089889705181e+00
5.890100000000000000e+04 7.152500000000000000e+03 4.795393816633429118e+00 6.223446302915295325e-01 4.039434735231040511e+06 -1.211884412402287126e+01
5.890100000000000000e+04 7.157500000000000000e+03 7.063429591896106530e+00 7.725894285067281819e-01 4.039434033465578686e+06 -1.002265779953449965e+01
5.890100000000000000e+04 7.162500000000000000e+03 7.334464684422628444e+00 8.187379887157039127e-01 4.039429329468204174e+06 -1.187809812603518367e+01
5.890100000000000000e+04 7.167500000000000000e+03 4.947764897490451119e+00 5.949711452927581856e-01 4.039425376288908068e+06 -1.293224237160757184e+01
5.890100000000000000e+04 7.172500000000000000e+03 7.485211679415854746e+00 8.632013087652120609e-01 4.039425294980702922e+06 -1.006437760358676314e+01
5.890100000000000000e+04 7.177500000000000000e+03 7.546617298147122455e+00 8.788815134835872289e-01 4.039420297439577058e+06 -1.206316798133775592e+01
5.890100000000000000e+04 7.182500000000000000e+03 4.809146691614409441e+00 6.117610032625613314e-01 4.039420925190839451e+06 -8.387875655200332403e+00
5.890100000000000000e+04 7.187500000000000000e+03 7.418537865789744501e+00 8.366308392812890071e-01 4.039415099332541693e+06 -1.111842458602041006e+01
5.890100000000000000e+04 7.192500000000000000e+03 5.242783256810461978e+00 5.972302894147113461e-01 4.039414972166769672e+06 -8.103776499163359404e+00
5.890100000000000000e+04 7.197500000000000000e+03 4.517615294893677635e+00 5.802733506786376116e-01 4.039410463172030170e+06 -9.425965741276741028e+00
5.890100000000000000e+04 7.202500000000000000e+03 4.911245922119785057e+00 6.241625409705499061e-01 4.039410185372359585e+06 -6.473737415857613087e+00
5.890100000000000000e+04 7.207500000000000000e+03 6.740227380522844314e+00 7.932072875995115346e-01 4.039404688344978262e+06 -8.699546972755342722e+00
5.890100000000000000e+04 7.212500000000000000e+03 5.299099231894246032e+00 6.503781429919165413e-01 4.039405468927604612e+06 -4.608860135078430176e+00
5.890100000000000000e+04 7.217500000000000000e+03 6.920173598574418605e+00 8.119220818905948933e-01 4.039399792423288338e+06 -6.938955314457416534e+00
5.890100000000000000e+04 7.222500000000000000e+03 4.913357370185559070e+00 5.891304033569224607e-01 4.039400235980330966e+06 -3.115550931543111801e+00
5.890100000000000000e+04 7.227500000000000000e+03 4.647471564910792274e+00 5.911973183993194381e-01 4.039395809970244765e+06 -4.131434700451791286e+00
5.890100000000000000e+04 7.232500000000000000e+03 6.372341658711564882e+00 7.353312669991167727e-01 4.039393689083366655e+06 -2.815375261008739471e+00
5.890100000000000000e+04 7.237500000000000000e+03 5.894649566300971699e+00 7.078781469863243414e-01 4.039390066225072835e+06 -2.978233204688876867e+00
5.890100000000000000e+04 7.242500000000000000e+03 4.497504730775885307e+00 5.543848398642086117e-01 4.039386106088988483e+06 -3.459395112935453653e+00
5.890100000000000000e+04 7.247500000000000000e+03 6.135229461639780446e+00 7.136658719044245425e-01 4.039385826861951500e+06 -2.450758325867354870e-01
5.890100000000000000e+04 7.252500000000000000e+03 5.034034394210382679e+00 6.169106183069303917e-01 4.039379641426486429e+06 -2.927123249974101782e+00
5.890100000000000000e+04 7.257500000000000000e+03 4.841244327466075248e+00 5.917182812119247126e-01 4.039378893521467224e+06 -1.668648687191307545e-01
5.890100000000000000e+04 7.262500000000000000e+03 7.705996837083007200e+00 8.856825424900872656e-01 4.039375783321131952e+06 2.304639588110148907e-01
5.890100000000000000e+04 7.267500000000000000e+03 5.654731271666345371e+00 7.097361040533568532e-01 4.039374280374314170e+06 2.228652020916342735e+00
5.890100000000000000e+04 7.272500000000000000e+03 6.591037431600616614e+00 7.941426366540943471e-01 4.039369724526346195e+06 1.161426904145628214e+00
5.890100000000000000e+04 7.277500000000000000e+03 5.781330911828778341e+00 6.995547318814092641e-01 4.039369372811025474e+06 4.279339718166738749e+00
5.890100000000000000e+04 7.282500000000000000e+03 5.366971881612990991e+00 6.672930559155791919e-01 4.039365202733273152e+06 3.553040506783872843e+00
5.890100000000000000e+04 7.287500000000000000e+03 5.329097488161500529e+00 6.752762867414699999e-01 4.039364289190467447e+06 6.050192342605441809e+00
5.890100000000000000e+04 7.292500000000000000e+03 8.321575385221352761e+00 1.000000000000000000e+00 4.039359428415302187e+06 4.559406937099993229e+00
5.890100000000000000e+04 7.297500000000000000e+03 6.677936964635724948e+00 7.907119944927324395e-01 4.039358195916336495e+06 6.648177949246019125e+00
5.890100000000000000e+04 7.302500000000000000e+03 6.343285241826110976e+00 7.486214148602182705e-01 4.039355062768910546e+06 6.779164656065404415e+00
5.890100000000000000e+04 7.307500000000000000e+03 6.255595007798829599e+00 7.178460477093525638e-01 4.039351043885482010e+06 5.958455047104507685e+00
5.890100000000000000e+04 7.312500000000000000e+03 6.445313486420213067e+00 7.776179077678556650e-01 4.039351108171911910e+06 9.145714863203465939e+00
5.890100000000000000e+04 7.317500000000000000e+03 5.278600377151822620e+00 6.809940171029819078e-01 4.039344602164180484e+06 5.677817070856690407e+00
5.890100000000000000e+04 7.322500000000000000e+03 4.565122802027659077e+00 5.969803772612189974e-01 4.039345239955531433e+06 9.258761764504015446e+00
5.890100000000000000e+04 7.327500000000000000e+03 4.884324759678782435e+00 6.408123188821162053e-01 4.039340352391641121e+06 7.208864085841923952e+00
5.890100000000000000e+04 7.332500000000000000e+03 4.910416381438305500e+00 6.288536635894068638e-01 4.039339156599549577e+06 8.734275917988270521e+00
5.890100000000000000e+04 7.337500000000000000e+03 4.646680481414399821e+00 5.888820836414272453e-01 4.039335336961413268e+06 7.507952390238642693e+00
5.890100000000000000e+04 7.342500000000000000e+03 6.121821927394012874e+00 7.848221858007801144e-01 4.039335611376416404e+06 1.023590654553845525e+01
5.890100000000000000e+04 7.347500000000000000e+03 3.619712642198642527e+00 4.816096764023835020e-01 4.039344522095700260e+06 2.144803702970966697e+01
5.890100000000000000e+04 7.352500000000000000e+03 3.707146692467155891e+00 4.958697236955494358e-01 4.039325602838281542e+06 4.665236758999526501e+00
5.890100000000000000e+04 7.357500000000000000e+03 4.876640108815772479e+00 6.151942387375023413e-01 4.039325047528526746e+06 6.068123159464448690e+00
5.890100000000000000e+04 7.362500000000000000e+03 4.382930917159871598e+00 5.463001220898151544e-01 4.039324201944201719e+06 6.988678965251892805e+00
5.890100000000000000e+04 7.367500000000000000e+03 5.410290745593260731e+00 6.456678084986288146e-01 4.039319410597166978e+06 3.757125673349946737e+00
5.890100000000000000e+04 7.372500000000000000e+03 4.483366681394569397e+00 5.885260376749955613e-01 4.039315055520453956e+06 7.407033760100603104e-01
5.890100000000000000e+04 7.377500000000000000e+03 6.865809676896728497e+00 8.046197381050897990e-01 4.039314013897411991e+06 8.012926653027534485e-01
5.890100000000000000e+04 7.382500000000000000e+03 4.256646825019917202e+00 5.564518607988492294e-01 4.039310101027542725e+06 -2.261626780964434147e+00
5.890100000000000000e+04 7.387500000000000000e+03 4.022944468381187910e+00 5.420221119683689137e-01 4.039310363333579153e+06 -1.417976359371095896e+00
5.890100000000000000e+04 7.392500000000000000e+03 6.704562999126574496e+00 8.171110497832001496e-01 4.039305352713440079e+06 -6.132733833510428667e+00
5.890100000000000000e+04 7.397500000000000000e+03 3.712079086023711838e+00 4.846044247174237096e-01 4.039303842225764878e+06 -7.650255038868635893e+00
5.890100000000000000e+04 7.402500000000000000e+03 6.629096914904136106e+00 8.193333545116376904e-01 4.039300184290804900e+06 -1.163608024176210165e+01
5.890100000000000000e+04 7.407500000000000000e+03 6.250267387483148696e+00 7.622899631748905058e-01 4.039299271666795481e+06 -1.321596500230953097e+01
