# Observation conducted on 2020.02.22 at Ww rev. 0 
# \Base frequency: 8400.49 MHz 
#  Format :           Modified JD   |       Time(UTC) [s]  | Signal-to-Noise ratio  |               Spectral max     |  Freq. detection [Hz]  |  Doppler noise [Hz] 
# 
5.890100000000000000e+04 5.410000000000000000e+03 6.697052758994030519e+00 8.625841712400961203e-01 4.020835068066457286e+06 -4.344724777154624462e+00
5.890100000000000000e+04 5.430000000000000000e+03 7.326813418880691486e+00 8.921089333210990846e-01 4.020825873447991908e+06 -9.929069173522293568e-01
5.890100000000000000e+04 5.450000000000000000e+03 6.439645839982274467e+00 8.680564790530560515e-01 4.020815391829919070e+06 1.838291757740080357e-01
5.890100000000000000e+04 5.470000000000000000e+03 6.161049207119418725e+00 8.444106511555848904e-01 4.020805634343731683e+06 1.297158533707261086e+00
5.890100000000000000e+04 5.490000000000000000e+03 5.825306317768149000e+00 8.258411588318499419e-01 4.020795633280585986e+06 1.473476624581962824e+00
5.890100000000000000e+04 5.510000000000000000e+03 4.554000352223611436e+00 7.618396495007713209e-01 4.020790471579046454e+06 5.883567426353693008e+00
5.890100000000000000e+04 5.530000000000000000e+03 5.404436359847261784e+00 8.135449627794766325e-01 4.020780729785201140e+06 5.189743870403617620e+00
5.890100000000000000e+04 5.550000000000000000e+03 5.117878677684457145e+00 8.173479693992327100e-01 4.020770735120757949e+06 3.795096266083419323e+00
5.890100000000000000e+04 5.570000000000000000e+03 4.040458756879360180e+00 7.510766043517010937e-01 4.020760652211756445e+06 1.934401340316981077e+00
5.890100000000000000e+04 5.590000000000000000e+03 6.435669126467647772e+00 8.782065255175344198e-01 4.020755802545134909e+06 4.993759130593389273e+00
5.890100000000000000e+04 5.610000000000000000e+03 4.776420159239067154e+00 7.858788108411406403e-01 4.020745686308836564e+06 2.532613425049930811e+00
5.890100000000000000e+04 5.630000000000000000e+03 6.403443191235496990e+00 8.294718314361297917e-01 4.020735546870417427e+06 -1.515893065370619297e-01
5.890100000000000000e+04 5.650000000000000000e+03 6.410200548775665474e+00 8.280133141862668911e-01 4.020730718067456968e+06 2.324070828966796398e+00
5.890100000000000000e+04 5.670000000000000000e+03 5.463470833607449784e+00 7.868869286805494356e-01 4.020720744310801383e+06 -4.517292841337621212e-01
5.890100000000000000e+04 5.690000000000000000e+03 5.968410142679381636e+00 8.351446378847794394e-01 4.020710613796333782e+06 -3.451163668651133776e+00
5.890100000000000000e+04 5.710000000000000000e+03 7.819457662500962414e+00 9.359400713303585029e-01 4.020705908225669991e+06 -1.057356228586286306e+00
5.890100000000000000e+04 5.730000000000000000e+03 7.198905118163340333e+00 9.077290557943796800e-01 4.020695985227376688e+06 -3.881779209710657597e+00
5.890100000000000000e+04 5.750000000000000000e+03 5.704347673472342173e+00 8.436630788802270686e-01 4.020690127431711648e+06 -2.614998124074190855e+00
5.890100000000000000e+04 5.770000000000000000e+03 6.636859026985832521e+00 8.696108638456905293e-01 4.020680374059295282e+06 -5.194902754388749599e+00
5.890100000000000000e+04 5.790000000000000000e+03 7.803770741514942877e+00 9.240477460533705889e-01 4.020670662465411704e+06 -7.664982525166124105e+00
5.890100000000000000e+04 5.810000000000000000e+03 4.574985710886926071e+00 7.614037929187934539e-01 4.020660751047102734e+06 -1.025123907485976815e+01
5.890100000000000000e+04 5.830000000000000000e+03 7.933973351630862147e+00 9.165190125683090328e-01 4.020656124573121779e+06 -7.456675983034074306e+00
5.890100000000000000e+04 5.850000000000000000e+03 8.113299764506209044e+00 9.524804147090051298e-01 4.020645232148345560e+06 -1.082315402058884501e+01
5.890100000000000000e+04 5.870000000000000000e+03 7.345173561717596833e+00 9.107516993692361673e-01 4.020636126140715089e+06 -1.229228388890624046e+01
5.890100000000000000e+04 5.890000000000000000e+03 5.472905019012393346e+00 8.087959161938558239e-01 4.020630305896001868e+06 -1.036153111979365349e+01
5.890100000000000000e+04 5.910000000000000000e+03 7.327817070027065505e+00 8.710766300325522016e-01 4.020621304671796504e+06 -1.149710176279768348e+01
5.890100000000000000e+04 5.930000000000000000e+03 3.899272510152903770e+00 7.547356494595176546e-01 4.021020381392519455e+06 3.955579929579980671e+02
5.890100000000000000e+04 5.950000000000000000e+03 5.030581699686274888e+00 8.010472745135182038e-01 4.020605617029778659e+06 -1.111950267245993018e+01
5.890100000000000000e+04 5.970000000000000000e+03 5.817906095675232869e+00 8.094579700494315411e-01 4.020600565042443573e+06 -7.982468461152166128e+00
5.890100000000000000e+04 5.990000000000000000e+03 4.702170739175832281e+00 7.623755350810890175e-01 4.020590655399803538e+06 -9.609204813838005066e+00
5.890100000000000000e+04 6.010000000000000000e+03 3.974996115275260422e+00 7.475069816486749064e-01 4.020585861330613494e+06 -6.036503365729004145e+00
5.890100000000000000e+04 6.030000000000000000e+03 6.523183365558830715e+00 8.656729433837578869e-01 4.020575474675341509e+06 -7.984114405699074268e+00
5.890100000000000000e+04 6.050000000000000000e+03 7.314407190992766594e+00 9.047029280867480150e-01 4.020566184718370438e+06 -8.775734343100339174e+00
5.890100000000000000e+04 6.070000000000000000e+03 7.966628546049754789e+00 9.198434932088811466e-01 4.020561025539762806e+06 -5.391473619733005762e+00
5.890100000000000000e+04 6.090000000000000000e+03 6.886225811076310599e+00 8.638284757312981732e-01 4.020555502155975439e+06 -2.341535662300884724e+00
5.890100000000000000e+04 6.110000000000000000e+03 6.433532732050508685e+00 8.313183937708480409e-01 4.020545814681100193e+06 -3.441875313874334097e+00
5.890100000000000000e+04 6.130000000000000000e+03 5.114287294382719118e+00 7.888574294712841217e-01 4.020535545116280671e+06 -5.127229094970971346e+00
5.890100000000000000e+04 6.150000000000000000e+03 6.694680117102286943e+00 8.873922590805943811e-01 4.020530189822927117e+06 -1.918461653403937817e+00
5.890100000000000000e+04 6.170000000000000000e+03 6.929662737808034656e+00 8.792025086242361009e-01 4.020519921746974345e+06 -3.660161179490387440e+00
5.890100000000000000e+04 6.190000000000000000e+03 6.865139377253139052e+00 8.384448643491491104e-01 4.020510878638359252e+06 -4.232239604927599430e+00
5.890100000000000000e+04 6.210000000000000000e+03 8.627430018649924648e+00 1.000000000000000000e+00 4.020505333354878705e+06 -1.379448410589247942e+00
5.890100000000000000e+04 6.230000000000000000e+03 7.549096282061901420e+00 9.020564581687626760e-01 4.020500207748694811e+06 1.802688203286379576e+00
5.890100000000000000e+04 6.250000000000000000e+03 7.130410972774750000e+00 8.920507758421614142e-01 4.020490745740360580e+06 5.411276700906455517e-01
5.890100000000000000e+04 6.270000000000000000e+03 6.692529352499023254e+00 8.780666127502240181e-01 4.020480365566644818e+06 -1.762262785807251930e+00
5.890100000000000000e+04 6.290000000000000000e+03 6.392969220571359301e+00 8.608133685510784838e-01 4.020475704214660916e+06 1.513908302411437035e+00
5.890100000000000000e+04 6.310000000000000000e+03 4.763961167817909015e+00 7.871537237763568395e-01 4.020465196269335225e+06 -1.210415553301572800e+00
5.890100000000000000e+04 6.330000000000000000e+03 8.802896288349099763e+00 9.931872435551372114e-01 4.020460762416907586e+06 1.971945026889443398e+00
5.890100000000000000e+04 6.350000000000000000e+03 5.446336394668297665e+00 8.041595173718278922e-01 4.020455030045978725e+06 3.676186669617891312e+00
5.890100000000000000e+04 6.370000000000000000e+03 6.143567811685721303e+00 8.624489504884474966e-01 4.020445807359891478e+06 1.699815959203988314e+00
5.890100000000000000e+04 6.390000000000000000e+03 6.413760564131896658e+00 8.302158490421226444e-01 4.020440241447594017e+06 3.180900622624903917e+00
5.890100000000000000e+04 6.410000000000000000e+03 7.764666481943200083e+00 8.885101198452468596e-01 4.020430848062485922e+06 6.280287145636975765e-01
5.890100000000000000e+04 6.430000000000000000e+03 9.110342322657480452e+00 9.743010113182245524e-01 4.020425407190641388e+06 1.816057154908776283e+00
5.890100000000000000e+04 6.450000000000000000e+03 4.992348184677446454e+00 8.011354871689870816e-01 4.020415104542301036e+06 -2.072216437663882971e+00
5.890100000000000000e+04 6.470000000000000000e+03 5.884666538594335528e+00 8.200041605244612342e-01 4.020411034199652728e+06 5.677435360848903656e-02
5.890100000000000000e+04 6.490000000000000000e+03 4.530225268944994887e+00 7.847569925181184791e-01 4.020405251745996531e+06 2.606742419302463531e-01
5.890100000000000000e+04 6.510000000000000000e+03 8.071870640171527000e+00 9.048973675408451545e-01 4.020396361878845375e+06 -2.851000335533171892e+00
5.890100000000000000e+04 6.610000000000000000e+03 2.830344817883646336e+00 8.869077440934218792e-01 4.020360878941372968e+06 -6.955709625035524368e-01
5.890100000000000000e+04 6.630000000000000000e+03 3.152916451611669668e+00 9.472183267160059206e-01 4.020355459692766424e+06 1.359111766796559095e+00
5.890100000000000000e+04 6.650000000000000000e+03 2.449391671976444584e+00 8.009134376080154771e-01 4.020346072344674729e+06 -7.672236920334398746e-01
5.890100000000000000e+04 6.670000000000000000e+03 2.988420481727897204e+00 9.088718868963600039e-01 4.020340661713335197e+06 9.044738980010151863e-01
5.890100000000000000e+04 6.690000000000000000e+03 2.554892999923422447e+00 8.282837526156096031e-01 4.020330738027667627e+06 -2.085018624085932970e+00
5.890100000000000000e+04 6.710000000000000000e+03 2.926942813313541336e+00 8.906554127799124476e-01 4.020325141056558583e+06 -8.688920601271092892e-01
5.890100000000000000e+04 6.730000000000000000e+03 2.616589210386710551e+00 8.319937223579068064e-01 4.020320576020380016e+06 1.281786143314093351e+00
5.890100000000000000e+04 6.750000000000000000e+03 2.380312962705373625e+00 7.901974804937947905e-01 4.020310708879861981e+06 -1.946459748782217503e+00
5.890100000000000000e+04 6.770000000000000000e+03 2.772933407733317424e+00 8.727687724145812842e-01 4.020305613041128963e+06 -4.626292530447244644e-01
5.890100000000000000e+04 6.790000000000000000e+03 2.615554007352505650e+00 8.456985757309791740e-01 4.020300669097825885e+06 1.128675941843539476e+00
5.890100000000000000e+04 6.810000000000000000e+03 2.411240414530793963e+00 7.962876433316705693e-01 4.020295019799715374e+06 1.982400048524141312e+00
5.890100000000000000e+04 6.830000000000000000e+03 3.222803049015690924e+00 9.385696003276932098e-01 4.020285965831162874e+06 -5.910088564269244671e-01
5.890100000000000000e+04 6.850000000000000000e+03 3.439514330349188853e+00 9.823251622638623504e-01 4.020281427558381576e+06 1.336327891796827316e+00
5.890100000000000000e+04 6.870000000000000000e+03 2.364473188748027255e+00 7.730410369024685036e-01 4.020274817091238685e+06 1.181960828136652708e+00
5.890100000000000000e+04 6.890000000000000000e+03 2.329072206720850247e+00 7.777952844358453355e-01 4.020265363767430186e+06 -1.821223985403776169e+00
5.890100000000000000e+04 6.910000000000000000e+03 3.153372299527296807e+00 9.280982338026977363e-01 4.020260680084450636e+06 -5.889351712539792061e-02
5.890100000000000000e+04 6.930000000000000000e+03 2.772414475258395239e+00 8.477938652610169656e-01 4.020254859306280967e+06 5.625184024684131145e-01
5.890100000000000000e+04 6.950000000000000000e+03 3.554116175594999927e+00 1.000000000000000000e+00 4.020246141536103096e+06 -1.717936723493039608e+00
5.890100000000000000e+04 6.970000000000000000e+03 3.094058015737494838e+00 9.150417643288358827e-01 4.020240420384795405e+06 -1.008874090388417244e+00
5.890100000000000000e+04 6.990000000000000000e+03 3.258873068298418829e+00 9.543897584041133308e-01 4.020235761164596770e+06 7.517975517548620701e-01
5.890100000000000000e+04 7.010000000000000000e+03 2.591527367363751555e+00 8.366874630747993535e-01 4.020230517664409708e+06 1.913830683566629887e+00
5.890100000000000000e+04 7.030000000000000000e+03 3.234353661279347314e+00 9.260082201137300739e-01 4.020221315151731484e+06 -9.021795806474983692e-01
5.890100000000000000e+04 7.050000000000000000e+03 2.476574781266899450e+00 7.982598200161075130e-01 4.020215014416113496e+06 -8.405725532211363316e-01
5.890100000000000000e+04 7.070000000000000000e+03 2.697329355930957018e+00 8.416892484304487887e-01 4.020210638542703353e+06 1.116331049706786871e+00
5.890100000000000000e+04 7.090000000000000000e+03 2.216570759877388497e+00 7.548360535128715298e-01 4.020205687442803755e+06 2.462939140386879444e+00
5.890100000000000000e+04 7.110000000000000000e+03 2.257847278346515107e+00 7.605699399505603253e-01 4.020195162657324225e+06 -1.804628808051347733e+00
5.890100000000000000e+04 7.130000000000000000e+03 3.446259911551393440e+00 9.601131437328929152e-01 4.020190615091150161e+06 -1.406279136426746845e-01
5.890100000000000000e+04 7.150000000000000000e+03 2.079114938498702436e+00 7.317816309702888100e-01 4.020185731622356456e+06 1.137100803200155497e+00
5.890100000000000000e+04 7.170000000000000000e+03 2.406330816793356586e+00 7.778464710743634436e-01 4.020180274327442050e+06 1.786535133607685566e+00
5.890100000000000000e+04 7.190000000000000000e+03 3.158214113888131003e+00 9.189538464554349861e-01 4.020170577326121274e+06 -1.861504048574715853e+00
5.890100000000000000e+04 7.210000000000000000e+03 2.848432020804669840e+00 8.544095682052941232e-01 4.020165779014875181e+06 -6.709397616796195507e-01
5.890100000000000000e+04 7.230000000000000000e+03 2.765428767012925171e+00 8.329429619182466826e-01 4.020160568330076523e+06 4.600368952378630638e-02
5.890100000000000000e+04 7.250000000000000000e+03 3.148276621031259825e+00 9.036328741225901906e-01 4.020155363999302499e+06 7.082315059378743172e-01
5.890100000000000000e+04 7.270000000000000000e+03 2.536734667115981168e+00 7.945061705411429198e-01 4.020150378236971796e+06 1.529653506353497505e+00
5.890100000000000000e+04 7.290000000000000000e+03 2.178590932921740109e+00 7.471625420615689572e-01 4.020145569421780296e+06 2.472041042055934668e+00
5.890100000000000000e+04 7.310000000000000000e+03 2.949843271888537455e+00 8.809549166967882705e-01 4.020136014048524201e+06 -1.382841700222343206e+00
5.890100000000000000e+04 7.330000000000000000e+03 2.369664322851404936e+00 7.705584275388391857e-01 4.020130143886959646e+06 -1.595899366308003664e+00
5.890100000000000000e+04 7.350000000000000000e+03 2.338944810565926957e+00 7.587615986513247535e-01 4.020125527074668556e+06 -5.894330819137394428e-01
5.890100000000000000e+04 7.370000000000000000e+03 2.400407652066486541e+00 7.796832605401634586e-01 4.020120830800729804e+06 3.157226894982159138e-01
5.890100000000000000e+04 7.390000000000000000e+03 3.297401436376345085e+00 9.294228753750497507e-01 4.020115289673590101e+06 3.687474960461258888e-01
