# Observation conducted on 2020.02.22 at Cd rev. 0 
# \Base frequency: 8400.49 MHz 
#  Format :           Modified JD   |       Time(UTC) [s]  | Signal-to-Noise ratio  |               Spectral max     |  Freq. detection [Hz]  |  Doppler noise [Hz] 
# 
5.890100000000000000e+04 6.602500000000000000e+03 1.869423994399024025e+01 7.749186625856970823e-01 4.023445539794404060e+06 4.982994995079934597e-01
5.890100000000000000e+04 6.607500000000000000e+03 1.109453173133163695e+01 5.726484742330036903e-01 4.023440974244334735e+06 -2.954942039214074612e-01
5.890100000000000000e+04 6.612500000000000000e+03 1.451525669429049792e+01 6.554470241070118330e-01 4.023439490169866011e+06 2.003976193722337484e+00
5.890100000000000000e+04 6.617500000000000000e+03 2.700144197475827212e+01 9.805164769256347057e-01 4.023433722619981971e+06 3.118714783340692520e-02
5.890100000000000000e+04 6.622500000000000000e+03 1.397610782608973956e+01 6.832278832750444675e-01 4.023429640424126759e+06 -2.455901755020022392e-01
5.890100000000000000e+04 6.627500000000000000e+03 1.092025832594579704e+01 5.632515139164125939e-01 4.023425695586801972e+06 -3.748954581096768379e-01
5.890100000000000000e+04 6.632500000000000000e+03 1.489234476723425082e+01 6.491768882819928255e-01 4.023421338615735527e+06 -9.067512275651097298e-01
5.890100000000000000e+04 6.637500000000000000e+03 1.417298615678279816e+01 6.611731616289190372e-01 4.023419491375131998e+06 1.080190233420580626e+00
5.890100000000000000e+04 6.642500000000000000e+03 2.053608710082967548e+01 8.583639732186567617e-01 4.023414370464640670e+06 -1.979743074625730515e-01
5.890100000000000000e+04 6.647500000000000000e+03 1.154287099958702889e+01 6.001026224034755607e-01 4.023409375528579578e+06 -1.342089971993118525e+00
5.890100000000000000e+04 6.652500000000000000e+03 1.341322869931070727e+01 6.169741187932851201e-01 4.023405972622909117e+06 -8.865769580006599426e-01
5.890100000000000000e+04 6.657500000000000000e+03 1.627044277880995793e+01 7.786220148730580437e-01 4.023404128867330961e+06 1.135221397504210472e+00
5.890100000000000000e+04 6.662500000000000000e+03 1.848844478958629267e+01 7.830739617426518695e-01 4.023399173087148461e+06 5.168031482025980949e-02
5.890100000000000000e+04 6.667500000000000000e+03 1.317067547269596162e+01 6.432065081579487753e-01 4.023394132354277186e+06 -1.110565579961985350e+00
5.890100000000000000e+04 6.672500000000000000e+03 1.374798415170048749e+01 6.841846914173128624e-01 4.023389869491618127e+06 -1.489118041004985571e+00
5.890100000000000000e+04 6.677500000000000000e+03 1.069350971773108405e+01 5.326203821904821334e-01 4.023385118225322571e+06 -2.350663104560226202e+00
5.890100000000000000e+04 6.682500000000000000e+03 1.490813374902992017e+01 6.973519076476015766e-01 4.023384234543822240e+06 6.603877823799848557e-01
5.890100000000000000e+04 6.687500000000000000e+03 1.393547894721683633e+01 6.347214599630272014e-01 4.023379901985349599e+06 2.271851198747754097e-01
5.890100000000000000e+04 6.692500000000000000e+03 1.296682726309754941e+01 6.432580068875188850e-01 4.023375489203906618e+06 -2.819928410463035107e-01
5.890100000000000000e+04 6.697500000000000000e+03 1.639176966872847530e+01 7.545488541449223430e-01 4.023369578185981605e+06 -2.285523540340363979e+00
5.890100000000000000e+04 6.702500000000000000e+03 1.074560080892888969e+01 5.484273437328419654e-01 4.023369736096680164e+06 1.783405859488993883e+00
5.890100000000000000e+04 6.707500000000000000e+03 1.921149398136018149e+01 8.560167575647695815e-01 4.023364302245915867e+06 2.637644959613680840e-01
5.890100000000000000e+04 6.712500000000000000e+03 1.645696346715844527e+01 7.488105238021007803e-01 4.023359404596524313e+06 -7.168142311275005341e-01
5.890100000000000000e+04 6.717500000000000000e+03 1.542622722297650206e+01 6.497649745630540430e-01 4.023355287053621374e+06 -9.147434723563492298e-01
5.890100000000000000e+04 6.722500000000000000e+03 1.186002649531782005e+01 5.763471861162964283e-01 4.023351481452941895e+06 -7.984947487711906433e-01
5.890100000000000000e+04 6.727500000000000000e+03 1.709194367582986729e+01 7.083945857922184786e-01 4.023348469740673900e+06 1.135817202739417553e-01
5.890100000000000000e+04 6.732500000000000000e+03 1.661338752252002138e+01 6.924151898174971675e-01 4.023344005430756137e+06 -4.252858483232557774e-01
5.890100000000000000e+04 6.737500000000000000e+03 1.922923716501403391e+01 8.135031568954642633e-01 4.023340304109390825e+06 -1.997864507138729095e-01
5.890100000000000000e+04 6.742500000000000000e+03 1.124807146098353350e+01 5.894613705454782027e-01 4.023335259928458370e+06 -1.316033042035996914e+00
5.890100000000000000e+04 6.747500000000000000e+03 9.227734919882019327e+00 4.836908983474770274e-01 4.023334175353716128e+06 1.528185496106743813e+00
5.890100000000000000e+04 6.752500000000000000e+03 8.053858608108663830e+00 4.489682056916859398e-01 4.023330156254382804e+06 1.438493783585727215e+00
5.890100000000000000e+04 6.757500000000000000e+03 1.688345908233988979e+01 7.592420122844367736e-01 4.023325126765609719e+06 3.387922453694045544e-01
5.890100000000000000e+04 6.762500000000000000e+03 2.036757637115453434e+01 8.380867463615039314e-01 4.023320604546105023e+06 -2.534854230470955372e-01
5.890100000000000000e+04 6.767500000000000000e+03 1.057931508702552392e+01 5.238391551757819453e-01 4.023315949821562972e+06 -9.783289893530309200e-01
5.890100000000000000e+04 6.772500000000000000e+03 1.480091570763022268e+01 6.961507027030744421e-01 4.023314748326675966e+06 1.749790164642035961e+00
5.890100000000000000e+04 6.777500000000000000e+03 1.780280267662971383e+01 7.600478632560482284e-01 4.023309874590982217e+06 8.052047309465706348e-01
5.890100000000000000e+04 6.782500000000000000e+03 1.300960212708995378e+01 6.358559722350911603e-01 4.023305237320135813e+06 9.643257781863212585e-02
5.890100000000000000e+04 6.787500000000000000e+03 1.402907308152041743e+01 6.451294664008278001e-01 4.023303869547653943e+06 2.656328340992331505e+00
5.890100000000000000e+04 6.792500000000000000e+03 1.154348331209624945e+01 5.719939737561744453e-01 4.023299301570388488e+06 2.015018730890005827e+00
5.890100000000000000e+04 6.797500000000000000e+03 1.515235606692784209e+01 7.160934264605771649e-01 4.023294775538925547e+06 1.414492766372859478e+00
5.890100000000000000e+04 6.802500000000000000e+03 1.904436930434442488e+01 8.276109056267767494e-01 4.023289322639368474e+06 -1.142165963537991047e-01
5.890100000000000000e+04 6.807500000000000000e+03 1.496540622019777977e+01 7.062220442501688789e-01 4.023285214797948953e+06 -2.993280254304409027e-01
5.890100000000000000e+04 6.812500000000000000e+03 1.339979813632383987e+01 6.103678577641208358e-01 4.023281758463568054e+06 1.654705749824643135e-01
5.890100000000000000e+04 6.817500000000000000e+03 1.405745213044436426e+01 7.030745041561310416e-01 4.023279436440200079e+06 1.762854302767664194e+00
5.890100000000000000e+04 6.822500000000000000e+03 1.320793947373030974e+01 6.432634342050820297e-01 4.023274799532973673e+06 1.043507173657417297e+00
5.890100000000000000e+04 6.827500000000000000e+03 1.571802576971427357e+01 6.779493572433590298e-01 4.023270053719656076e+06 2.132934494875371456e-01
5.890100000000000000e+04 6.832500000000000000e+03 1.316653157148306086e+01 6.317251788049416117e-01 4.023266253357673064e+06 3.264644895680248737e-01
5.890100000000000000e+04 6.837500000000000000e+03 1.223681759881584874e+01 6.034384682212051709e-01 4.023262950782055035e+06 9.352565398439764977e-01
5.890100000000000000e+04 6.842500000000000000e+03 1.329357365779958222e+01 6.515559357887239500e-01 4.023259159548799507e+06 1.053133930545300245e+00
5.890100000000000000e+04 6.847500000000000000e+03 1.833169965990897055e+01 8.305575125253491509e-01 4.023254546844999772e+06 3.471990427933633327e-01
5.890100000000000000e+04 6.852500000000000000e+03 1.441146894890332497e+01 6.625260925071707607e-01 4.023249857214081567e+06 -4.380826167762279510e-01
5.890100000000000000e+04 6.857500000000000000e+03 1.431708142392228922e+01 6.426885821532288823e-01 4.023245155426799320e+06 -1.238011580426245928e+00
5.890100000000000000e+04 6.862500000000000000e+03 1.444386952596538976e+01 6.681841229436733531e-01 4.023240782344985753e+06 -1.711790835950523615e+00
5.890100000000000000e+04 6.867500000000000000e+03 1.006105027979695699e+01 5.316617980889477568e-01 4.023240808511099778e+06 2.211063565686345100e+00
5.890100000000000000e+04 6.872500000000000000e+03 1.112481960258291203e+01 5.882995854340909991e-01 4.023235356316400692e+06 6.528905141167342663e-01
5.890100000000000000e+04 6.877500000000000000e+03 1.598585697390555893e+01 6.829916065301595562e-01 4.023230004297443666e+06 -8.078198200091719627e-01
5.890100000000000000e+04 6.882500000000000000e+03 1.386563739465946377e+01 6.484146288426494431e-01 4.023225555605965201e+06 -1.367956264410167933e+00
5.890100000000000000e+04 6.887500000000000000e+03 9.791443052413390191e+00 4.999403585855941023e-01 4.023223200828800909e+06 1.630331068299710751e-01
5.890100000000000000e+04 6.892500000000000000e+03 1.702434917339089182e+01 8.925209586293321173e-01 4.023219037738934159e+06 -1.171081317588686943e-01
5.890100000000000000e+04 6.897500000000000000e+03 1.743704263599979853e+01 7.297878853234296415e-01 4.023215445313285105e+06 1.705728597007691860e-01
5.890100000000000000e+04 6.902500000000000000e+03 1.374316244145063592e+01 6.642936504560882360e-01 4.023210798928865232e+06 -5.985658117569983006e-01
5.890100000000000000e+04 6.907500000000000000e+03 1.216512132893368126e+01 6.042110470584628468e-01 4.023208996819845866e+06 1.473696126602590084e+00
5.890100000000000000e+04 6.912500000000000000e+03 1.690302522729199097e+01 7.079493697544601005e-01 4.023203404119134415e+06 -2.475174688734114170e-01
5.890100000000000000e+04 6.917500000000000000e+03 1.416753070806022130e+01 6.683027787472006764e-01 4.023199948713239748e+06 1.656755465082824230e-01
5.890100000000000000e+04 6.922500000000000000e+03 1.670033060648788847e+01 7.750151731584687953e-01 4.023194708144211676e+06 -1.209182622376829386e+00
5.890100000000000000e+04 6.927500000000000000e+03 1.354133624900617860e+01 6.207973021336699038e-01 4.023190103823699988e+06 -1.950675806961953640e+00
5.890100000000000000e+04 6.932500000000000000e+03 1.346369398873549272e+01 6.342715568833525719e-01 4.023189056987850927e+06 8.624408533796668053e-01
5.890100000000000000e+04 6.937500000000000000e+03 2.044357991584838885e+01 8.430398529912734862e-01 4.023185339944936801e+06 1.002488384023308754e+00
5.890100000000000000e+04 6.942500000000000000e+03 1.823536281748470245e+01 8.000697364703994729e-01 4.023180166016418487e+06 -3.171951305121183395e-01
5.890100000000000000e+04 6.947500000000000000e+03 2.405945356648584976e+01 1.000000000000000000e+00 4.023175391478645150e+06 -1.240313003305345774e+00
5.890100000000000000e+04 6.952500000000000000e+03 1.294579588624260857e+01 5.952983900663677552e-01 4.023174146349284798e+06 1.363176320679485798e+00
5.890100000000000000e+04 6.957500000000000000e+03 1.160017782245659745e+01 6.085689140030086097e-01 4.023168802407203242e+06 -1.349210208281874657e-01
5.890100000000000000e+04 6.962500000000000000e+03 1.503010526351421206e+01 6.989446116309654400e-01 4.023165799919996411e+06 7.056930684484541416e-01
5.890100000000000000e+04 6.967500000000000000e+03 1.507346700368169934e+01 6.793335007827414618e-01 4.023159940168344881e+06 -1.313667169306427240e+00
5.890100000000000000e+04 6.972500000000000000e+03 1.211071230877525018e+01 5.858541246402841907e-01 4.023155469862850383e+06 -1.946254671085625887e+00
5.890100000000000000e+04 6.977500000000000000e+03 1.621166291336645671e+01 7.154426041022518001e-01 4.023153657534725964e+06 7.650097738951444626e-02
5.890100000000000000e+04 6.982500000000000000e+03 1.940757428577178345e+01 8.505448020552507371e-01 4.023149836839061696e+06 8.829664345830678940e-02
5.890100000000000000e+04 6.987500000000000000e+03 1.142399610594352488e+01 5.948139547146961137e-01 4.023145295669095591e+06 -6.229302436113357544e-01
5.890100000000000000e+04 6.992500000000000000e+03 1.015656439540158296e+01 5.231847513111945736e-01 4.023140936979028862e+06 -1.154179038479924202e+00
5.890100000000000000e+04 6.997500000000000000e+03 1.376708672767851382e+01 6.542382643315923785e-01 4.023138843143516686e+06 5.769734443165361881e-01
5.890100000000000000e+04 7.002500000000000000e+03 1.218270507655326540e+01 6.143805723508847239e-01 4.023135407200268470e+06 9.636153765022754669e-01
5.890100000000000000e+04 7.007500000000000000e+03 1.211169043937829137e+01 5.701196160366127641e-01 4.023130009604897816e+06 -6.137454030103981495e-01
5.890100000000000000e+04 7.012500000000000000e+03 1.491466797116030385e+01 6.940309015142137605e-01 4.023124209851987660e+06 -2.595560482237488031e+00
5.890100000000000000e+04 7.017500000000000000e+03 1.573198608767879492e+01 6.773902378824280257e-01 4.023124876550860237e+06 1.886834730859845877e+00
5.890100000000000000e+04 7.022500000000000000e+03 1.627848838600476356e+01 7.271397244081291289e-01 4.023119240531490650e+06 6.432675989344716072e-02
5.890100000000000000e+04 7.027500000000000000e+03 1.692848940852325512e+01 8.165179676646180384e-01 4.023115438961217180e+06 7.414060831069946289e-02
5.890100000000000000e+04 7.032500000000000000e+03 1.609837198130718505e+01 6.671475048459621915e-01 4.023110265420194715e+06 -1.290084949694573879e+00
5.890100000000000000e+04 7.037500000000000000e+03 1.149569630342815074e+01 5.765776317105002491e-01 4.023108520191950258e+06 7.719930252060294151e-01
5.890100000000000000e+04 7.042500000000000000e+03 1.333432698429081675e+01 6.282246814229109910e-01 4.023105302047588862e+06 1.359205680899322033e+00
5.890100000000000000e+04 7.047500000000000000e+03 1.164323518717766248e+01 5.780067169475756605e-01 4.023100459635246079e+06 3.202616604976356030e-01
5.890100000000000000e+04 7.052500000000000000e+03 1.332730630291230867e+01 6.837167968926123329e-01 4.023095116443186533e+06 -1.221289954148232937e+00
5.890100000000000000e+04 7.057500000000000000e+03 1.453715225165190539e+01 6.355327251715163772e-01 4.023090600967924576e+06 -1.936891692224889994e+00
5.890100000000000000e+04 7.062500000000000000e+03 1.336807456231908731e+01 5.976993505081480418e-01 4.023089345919757616e+06 6.062276852317154408e-01
5.890100000000000000e+04 7.067500000000000000e+03 2.069695002219414803e+01 9.121024913961893743e-01 4.023085245537710842e+06 3.023679628968238831e-01
5.890100000000000000e+04 7.072500000000000000e+03 1.655123147124369964e+01 7.458131763743469644e-01 4.023080764640489127e+06 -3.835917399264872074e-01
5.890100000000000000e+04 7.077500000000000000e+03 1.456859514364519015e+01 6.458065659442172590e-01 4.023076217032305896e+06 -1.137787297833710909e+00
5.890100000000000000e+04 7.082500000000000000e+03 1.632831887402891269e+01 7.586463773108188535e-01 4.023074674174156040e+06 1.111301525961607695e+00
5.890100000000000000e+04 7.087500000000000000e+03 1.642706486174040492e+01 7.514222216444907954e-01 4.023070007857650053e+06 2.355247559025883675e-01
5.890100000000000000e+04 7.092500000000000000e+03 1.376537304793006022e+01 6.845707991298389805e-01 4.023065925227561966e+06 -5.791541235521435738e-02
5.890100000000000000e+04 7.097500000000000000e+03 1.479011503843327091e+01 7.059299336155393512e-01 4.023060548689303920e+06 -1.646557300351560116e+00
5.890100000000000000e+04 7.102500000000000000e+03 1.797043540491646851e+01 7.289724520791631690e-01 4.023059370166733861e+06 9.615779025480151176e-01
5.890100000000000000e+04 7.107500000000000000e+03 1.519344975903426054e+01 6.704299797948520823e-01 4.023055289006759878e+06 6.658905758522450924e-01
5.890100000000000000e+04 7.112500000000000000e+03 1.385344775407951090e+01 6.557282725171641458e-01 4.023050921113514807e+06 8.233668468892574310e-02
5.890100000000000000e+04 7.117500000000000000e+03 1.150902277691040076e+01 5.694504958347992307e-01 4.023048914541853592e+06 1.859021112788468599e+00
5.890100000000000000e+04 7.122500000000000000e+03 1.335305446147185471e+01 6.090856535100648284e-01 4.023044870694315527e+06 1.597394463606178761e+00
5.890100000000000000e+04 7.127500000000000000e+03 1.674367286205377781e+01 7.543342527883369897e-01 4.023039902053011116e+06 4.099847860634326935e-01
5.890100000000000000e+04 7.132500000000000000e+03 1.406130871198086929e+01 7.089604113504820448e-01 4.023035516176189762e+06 -1.956060254015028477e-01
5.890100000000000000e+04 7.137500000000000000e+03 1.323528073184726672e+01 6.223395764258365936e-01 4.023031553027304355e+06 -3.793733213096857071e-01
5.890100000000000000e+04 7.142500000000000000e+03 1.693824347131491947e+01 7.674527011195130255e-01 4.023029196134884842e+06 1.042250010650604963e+00
5.890100000000000000e+04 7.147500000000000000e+03 1.875890440047036378e+01 8.959486057820199578e-01 4.023024100936491974e+06 -2.752626626752316952e-01
5.890100000000000000e+04 7.152500000000000000e+03 1.408582639870502540e+01 6.499275854765804716e-01 4.023019112338820938e+06 -1.486971778795123100e+00
5.890100000000000000e+04 7.157500000000000000e+03 1.183057652687061356e+01 5.838499209092241626e-01 4.023016831836472265e+06 8.647030219435691833e-03
5.890100000000000000e+04 7.162500000000000000e+03 1.386437147686327975e+01 6.327907090554376612e-01 4.023013698969149496e+06 6.511599733494222164e-01
5.890100000000000000e+04 7.167500000000000000e+03 1.977473569499957406e+01 8.334062688803026697e-01 4.023010109458333813e+06 8.363116113469004631e-01
5.890100000000000000e+04 7.172500000000000000e+03 1.184135693754577723e+01 5.804604546899306827e-01 4.023005381018346176e+06 -1.181642422452569008e-01
5.890100000000000000e+04 7.177500000000000000e+03 9.834918995723322510e+00 5.063409974562275151e-01 4.023004461181440391e+06 2.735280411783605814e+00
5.890100000000000000e+04 7.182500000000000000e+03 1.430414375362347457e+01 6.748904577907937075e-01 4.022999539444909897e+06 1.586154699791222811e+00
5.890100000000000000e+04 7.187500000000000000e+03 1.167735906690002068e+01 5.649405713906799908e-01 4.022995285219802056e+06 1.103877425193786621e+00
5.890100000000000000e+04 7.192500000000000000e+03 1.689073096580164446e+01 7.417660493057900428e-01 4.022990421277920716e+06 1.122391875833272934e-02
5.890100000000000000e+04 7.197500000000000000e+03 1.269533057706589574e+01 6.321062921132948320e-01 4.022986391301681753e+06 -2.481242790818214417e-01
5.890100000000000000e+04 7.202500000000000000e+03 1.363185767755238409e+01 6.637334605010103417e-01 4.022983759106605779e+06 8.896429166197776794e-01
5.890100000000000000e+04 7.207500000000000000e+03 1.554955246729326745e+01 7.143081499888671582e-01 4.022980030823688488e+06 9.306463454850018024e-01
5.890100000000000000e+04 7.212500000000000000e+03 1.309247295582813031e+01 6.063455752626654149e-01 4.022973500392263755e+06 -1.831189700402319431e+00
5.890100000000000000e+04 7.217500000000000000e+03 1.406731845988127105e+01 6.576853791864698540e-01 4.022970071140429471e+06 -1.492557209916412830e+00
5.890100000000000000e+04 7.222500000000000000e+03 1.018068514678915371e+01 5.399741757904817918e-01 4.022969099922652822e+06 1.303372985683381557e+00
5.890100000000000000e+04 7.227500000000000000e+03 1.672828403649774032e+01 7.358545275901962057e-01 4.022964439954561647e+06 4.097858476452529430e-01
5.890100000000000000e+04 7.232500000000000000e+03 1.400159625924054652e+01 6.594760807309580919e-01 4.022960387460471131e+06 1.228694901801645756e-01
5.890100000000000000e+04 7.237500000000000000e+03 1.339001521091442015e+01 6.132595972556469377e-01 4.022954498820658773e+06 -2.001037708017975092e+00
5.890100000000000000e+04 7.242500000000000000e+03 9.577834142002194184e+00 5.287831212692029048e-01 4.022951044831854291e+06 -1.691186768934130669e+00
5.890100000000000000e+04 7.247500000000000000e+03 1.137312119222617568e+01 6.252215398805922586e-01 4.022948409935601056e+06 -5.631899242289364338e-01
5.890100000000000000e+04 7.252500000000000000e+03 1.633638120966140761e+01 6.960542737634871635e-01 4.022945551494350191e+06 3.402553210034966469e-01
5.890100000000000000e+04 7.257500000000000000e+03 1.414975569532926691e+01 6.365945163973797394e-01 4.022939364714821801e+06 -2.085710613522678614e+00
5.890100000000000000e+04 7.262500000000000000e+03 1.403212706189889936e+01 6.488468194316088233e-01 4.022938579623177648e+06 8.888656273484230042e-01
5.890100000000000000e+04 7.267500000000000000e+03 1.326007565577797820e+01 6.101677194416579297e-01 4.022933150162234437e+06 -7.821526131592690945e-01
5.890100000000000000e+04 7.272500000000000000e+03 1.585432363312838255e+01 6.625370975470198376e-01 4.022930117661383934e+06 -5.752225173637270927e-02
5.890100000000000000e+04 7.277500000000000000e+03 1.309737773875925981e+01 6.591757414098655676e-01 4.022925257344871294e+06 -1.162112339399755001e+00
5.890100000000000000e+04 7.282500000000000000e+03 9.692538467410589220e+00 5.080714647736982448e-01 4.022921096615401097e+06 -1.568620628677308559e+00
5.890100000000000000e+04 7.287500000000000000e+03 1.212751882767327594e+01 5.857398267420467208e-01 4.022919814241303597e+06 9.016134412959218025e-01
5.890100000000000000e+04 7.292500000000000000e+03 1.371055769975449934e+01 6.669735351551765445e-01 4.022914000085210893e+06 -1.161662748549133539e+00
5.890100000000000000e+04 7.297500000000000000e+03 1.799459276111630146e+01 7.715867586665823286e-01 4.022910134142189752e+06 -1.278577023651450872e+00
5.890100000000000000e+04 7.302500000000000000e+03 1.024370556840016988e+01 5.461653724474018201e-01 4.022909228576123714e+06 1.562903801444917917e+00
5.890100000000000000e+04 7.307500000000000000e+03 1.117492457678915940e+01 5.407394219292817050e-01 4.022904894080154598e+06 9.733342062681913376e-01
5.890100000000000000e+04 7.312500000000000000e+03 1.716896793927756804e+01 7.658920341688322253e-01 4.022900610212944914e+06 4.321260633878409863e-01
5.890100000000000000e+04 7.317500000000000000e+03 9.477019840088923175e+00 5.150212218139361697e-01 4.022894929078157991e+06 -1.508772045373916626e+00
5.890100000000000000e+04 7.322500000000000000e+03 1.406053868699421194e+01 6.266895546206234791e-01 4.022895075872783549e+06 2.375673335045576096e+00
5.890100000000000000e+04 7.327500000000000000e+03 1.283016334636681144e+01 6.226519226238236282e-01 4.022889838638786227e+06 8.733320208266377449e-01
5.890100000000000000e+04 7.332500000000000000e+03 2.035392790960615272e+01 8.683217781830788740e-01 4.022885536294548307e+06 3.029414671473205090e-01
5.890100000000000000e+04 7.337500000000000000e+03 1.282326095347492867e+01 5.698231041620283044e-01 4.022879045972940978e+06 -2.458555319346487522e+00
5.890100000000000000e+04 7.342500000000000000e+03 9.436092531527886962e+00 5.034630221243889814e-01 4.022875661244815681e+06 -2.117786453105509281e+00
5.890100000000000000e+04 7.347500000000000000e+03 1.469705986094231420e+01 6.335228744240858356e-01 4.022874273802833166e+06 2.167324936017394066e-01
5.890100000000000000e+04 7.352500000000000000e+03 1.736571068793580608e+01 7.809144389049543777e-01 4.022870131167816930e+06 -2.076953086070716381e-01
5.890100000000000000e+04 7.357500000000000000e+03 1.116020399023229359e+01 5.364564041819787077e-01 4.022865946059124544e+06 -6.785777490586042404e-01
5.890100000000000000e+04 7.362500000000000000e+03 8.551259208743802631e+00 4.625734522916479796e-01 4.022864918055239599e+06 2.003426663577556610e+00
5.890100000000000000e+04 7.367500000000000000e+03 1.803497894138273949e+01 7.592283433698772122e-01 4.022860405174680520e+06 1.196089539676904678e+00
5.890100000000000000e+04 7.372500000000000000e+03 1.573674817372876156e+01 7.063080350410084751e-01 4.022856049593179021e+06 5.413296301849186420e-01
5.890100000000000000e+04 7.377500000000000000e+03 1.181455761475471711e+01 5.753199571787646072e-01 4.022850873713371810e+06 -9.387176469899713993e-01
5.890100000000000000e+04 7.382500000000000000e+03 9.393355739029075835e+00 4.888161236161289724e-01 4.022849306059830356e+06 1.184194662608206272e+00
5.890100000000000000e+04 7.387500000000000000e+03 1.283244123012400273e+01 6.034438242900052041e-01 4.022845351471073925e+06 9.146169009618461132e-01
5.890100000000000000e+04 7.392500000000000000e+03 1.327766191026385734e+01 6.178179692349251573e-01 4.022838463944638148e+06 -2.293752298690378666e+00
5.890100000000000000e+04 7.397500000000000000e+03 1.209122854184784401e+01 5.676844889273230388e-01 4.022835653149804100e+06 -1.431553442496806383e+00
5.890100000000000000e+04 7.402500000000000000e+03 1.439896746106785663e+01 6.487850127743957085e-01 4.022834246224971488e+06 8.280310346744954586e-01
5.890100000000000000e+04 7.407500000000000000e+03 1.235578237146537717e+01 5.932595593309942794e-01 4.022830337265822105e+06 5.787647692486643791e-01
