# Observation conducted on 2020.02.22 at Bd rev. 0 
# \Base frequency: 8400.49 MHz 
#  Format :           Modified JD   |       Time(UTC) [s]  | Signal-to-Noise ratio  |               Spectral max     |  Freq. detection [Hz]  |  Doppler noise [Hz] 
# 
5.790100000000000000e+04 5.403500000000000000e+03 9.376642930647735241e+00 6.196934894613168598e-01 4.029830397815868724e+06 -5.117867100052535534e-01
5.790100000000000000e+04 5.408500000000000000e+03 7.689581113519619926e+00 5.596113681149268437e-01 4.029824687926943880e+06 -2.286033402197062969e+00
5.790100000000000000e+04 5.413500000000000000e+03 8.287587631087976803e+00 6.045173891704145319e-01 4.029824768389337696e+06 1.730276859365403652e+00
5.790100000000000000e+04 5.418500000000000000e+03 1.502056611635543604e+01 9.083161934029646556e-01 4.029819947444579098e+06 8.453509449027478695e-01
5.790100000000000000e+04 5.423500000000000000e+03 1.245376271387852718e+01 7.470700032606956142e-01 4.029815288242422510e+06 1.223046765662729740e-01
5.790100000000000000e+04 5.428500000000000000e+03 8.179274331921343233e+00 5.343606297997692822e-01 4.029811024235110264e+06 -2.054429082199931145e-01
5.790100000000000000e+04 5.433500000000000000e+03 8.464305383012181494e+00 5.894118299875296119e-01 4.029806052734728903e+06 -1.240612214431166649e+00
5.790100000000000000e+04 5.438500000000000000e+03 8.771161769579270739e+00 6.027537476328316268e-01 4.029803951808295678e+06 5.948319928720593452e-01
5.790100000000000000e+04 5.443500000000000000e+03 9.986170552815949009e+00 6.702369326769637148e-01 4.029800159404776525e+06 7.388076018542051315e-01
5.790100000000000000e+04 5.448500000000000000e+03 1.108281622940359235e+01 7.207562522256660831e-01 4.029795524883515667e+06 4.064357001334428787e-02
5.790100000000000000e+04 5.453500000000000000e+03 1.261357733552428861e+01 7.887634502045928198e-01 4.029790112368233968e+06 -1.435566077008843422e+00
5.790100000000000000e+04 5.458500000000000000e+03 1.014989206538058042e+01 6.424855399052137317e-01 4.029788849531907123e+06 1.237822621129453182e+00
5.790100000000000000e+04 5.463500000000000000e+03 1.132379911994872934e+01 6.849607767090968302e-01 4.029785183744948357e+06 1.508151733782142401e+00
5.790100000000000000e+04 5.468500000000000000e+03 9.154890964542362397e+00 6.305848790664767556e-01 4.029780855288322549e+06 1.115674552507698536e+00
5.790100000000000000e+04 5.473500000000000000e+03 8.853461420142956229e+00 6.554231993522425803e-01 4.029774935840315185e+06 -8.679576534777879715e-01
5.790100000000000000e+04 5.478500000000000000e+03 9.673222871005719981e+00 6.412624262719249790e-01 4.029770424315200653e+06 -1.443856972735375166e+00
5.790100000000000000e+04 5.483500000000000000e+03 9.220439788878708853e+00 6.498712741242799185e-01 4.029769209192206152e+06 1.276430105790495872e+00
5.790100000000000000e+04 5.488500000000000000e+03 9.823600752739977793e+00 6.557003568449211173e-01 4.029764311373666860e+06 3.137808362953364849e-01
5.790100000000000000e+04 5.493500000000000000e+03 9.904209589742677622e+00 6.613526300385910162e-01 4.029761482488438953e+06 1.419799630064517260e+00
5.790100000000000000e+04 5.498500000000000000e+03 1.262138020627364554e+01 7.879194189227146650e-01 4.029755132162078284e+06 -9.959117821417748928e-01
5.790100000000000000e+04 5.503500000000000000e+03 1.014641745762216551e+01 6.417192109593398142e-01 4.029749712254113983e+06 -2.481517075560986996e+00
5.790100000000000000e+04 5.508500000000000000e+03 1.211770050854701886e+01 7.672948382711359816e-01 4.029749180103233084e+06 9.202998415566980839e-01
5.790100000000000000e+04 5.513500000000000000e+03 1.411214030585887436e+01 8.578195957646888026e-01 4.029745466589358635e+06 1.140396898612380028e+00
5.790100000000000000e+04 5.518500000000000000e+03 1.308872872120819331e+01 7.595931104188035077e-01 4.029739482135261409e+06 -9.108245270326733589e-01
5.790100000000000000e+04 5.523500000000000000e+03 1.282424212448437473e+01 7.819752277848954769e-01 4.029735468169753905e+06 -9.919564314186573029e-01
5.790100000000000000e+04 5.528500000000000000e+03 7.511368719644879732e+00 5.276795659133280969e-01 4.029730445229863748e+06 -2.082482011988759041e+00
5.790100000000000000e+04 5.533500000000000000e+03 8.949036380301444993e+00 6.596190588943461330e-01 4.029728950602895580e+06 3.548663868568837643e-01
5.790100000000000000e+04 5.538500000000000000e+03 1.155354887246750906e+01 7.168615599819460060e-01 4.029725230088642333e+06 5.658694752492010593e-01
5.790100000000000000e+04 5.543500000000000000e+03 8.635235347979088871e+00 5.989779317893080268e-01 4.029720021403266583e+06 -7.117751035839319229e-01
5.790100000000000000e+04 5.548500000000000000e+03 8.256449870557540649e+00 5.877679410142242489e-01 4.029716095483556855e+06 -7.071485305204987526e-01
5.790100000000000000e+04 5.553500000000000000e+03 8.220112246153437496e+00 5.892223523200038615e-01 4.029713449064537417e+06 5.764667992480099201e-01
5.790100000000000000e+04 5.558500000000000000e+03 1.129312645460298370e+01 7.309519885418724883e-01 4.029709026257970836e+06 8.316576667129993439e-02
5.790100000000000000e+04 5.563500000000000000e+03 1.468799817503143679e+01 8.984094877195786255e-01 4.029704692630510777e+06 -3.215013225562870502e-01
5.790100000000000000e+04 5.568500000000000000e+03 1.201773944890393864e+01 7.777849016617487399e-01 4.029700158487540204e+06 -9.272449077107012272e-01
5.790100000000000000e+04 5.573500000000000000e+03 8.295288248714948409e+00 5.649461320131248243e-01 4.029696169998732395e+06 -9.879106199368834496e-01
5.790100000000000000e+04 5.578500000000000000e+03 5.268206282945997465e+00 4.336211703704842546e-01 4.029695368748927955e+06 2.138071587774902582e+00
5.790100000000000000e+04 5.583500000000000000e+03 7.904707872654697098e+00 5.659582788075148141e-01 4.029689434418956283e+06 1.303682574070990086e-01
5.790100000000000000e+04 5.588500000000000000e+03 1.332468094683680881e+01 8.077974690057814211e-01 4.029685728978964034e+06 3.509357431903481483e-01
5.790100000000000000e+04 5.593500000000000000e+03 1.334599521485559315e+01 7.743412607834221362e-01 4.029680757038305514e+06 -6.956298998557031155e-01
5.790100000000000000e+04 5.598500000000000000e+03 1.120581466416532734e+01 6.814952651456169797e-01 4.029674920175314881e+06 -2.607763156294822693e+00
5.790100000000000000e+04 5.603500000000000000e+03 1.381201497817909818e+01 8.290854494658163043e-01 4.029673194872921333e+06 -4.089934383518993855e-01
5.790100000000000000e+04 5.608500000000000000e+03 1.152232878477161293e+01 7.009160583455399385e-01 4.029670945643934421e+06 1.265180190559476614e+00
5.790100000000000000e+04 5.613500000000000000e+03 1.204654480875575118e+01 7.350151367072229602e-01 4.029665418084530625e+06 -3.396575022488832474e-01
5.790100000000000000e+04 5.618500000000000000e+03 1.491303758378796296e+01 8.767844980078436379e-01 4.029661187129000667e+06 -6.485831821337342262e-01
5.790100000000000000e+04 5.623500000000000000e+03 9.043369612430842253e+00 6.371606254811454928e-01 4.029658418258118443e+06 5.038734162226319313e-01
5.790100000000000000e+04 5.628500000000000000e+03 1.114163620957533496e+01 6.904311265024554167e-01 4.029654654511292465e+06 6.607416355982422829e-01
5.790100000000000000e+04 5.633500000000000000e+03 1.043633408953707864e+01 7.084477569286441456e-01 4.029651363744877279e+06 1.289868196472525597e+00
5.790100000000000000e+04 5.638500000000000000e+03 1.245619613678104898e+01 7.909163093836896197e-01 4.029645432340191677e+06 -7.223747875541448593e-01
5.790100000000000000e+04 5.643500000000000000e+03 8.902579082059427051e+00 6.142039616744637831e-01 4.029640646905962378e+06 -1.589387376792728901e+00
5.790100000000000000e+04 5.648500000000000000e+03 9.127278319030203591e+00 5.953099847838080327e-01 4.029640436770131811e+06 2.118149996735155582e+00
5.790100000000000000e+04 5.653500000000000000e+03 1.460384473783967607e+01 8.449367409426321585e-01 4.029634378869834356e+06 -2.283349959179759026e-02
5.790100000000000000e+04 5.658500000000000000e+03 1.476432343388375124e+01 8.597642837167949192e-01 4.029629468965115957e+06 -1.016585391946136951e+00
5.790100000000000000e+04 5.663500000000000000e+03 8.402782100506996699e+00 5.820727800862824930e-01 4.029625906198816374e+06 -6.639700192026793957e-01
5.790100000000000000e+04 5.668500000000000000e+03 8.587975329565020743e+00 5.952620409302830096e-01 4.029623742748977616e+06 1.087183868512511253e+00
5.790100000000000000e+04 5.673500000000000000e+03 8.981527228387404804e+00 6.185975595049628684e-01 4.029620275307395030e+06 1.533561647869646549e+00
5.790100000000000000e+04 5.678500000000000000e+03 8.806209425116676925e+00 6.009040076592010449e-01 4.029615571846989915e+06 7.431301930919289589e-01
5.790100000000000000e+04 5.683500000000000000e+03 6.670639887040658245e+00 5.215704414539671374e-01 4.029610054284537211e+06 -8.621994042769074440e-01
5.790100000000000000e+04 5.688500000000000000e+03 7.105339943838973049e+00 5.243710002885694221e-01 4.029608975639571901e+06 1.970587064977735281e+00
5.790100000000000000e+04 5.693500000000000000e+03 7.699401688252180520e+00 5.530497911952385603e-01 4.029603852334634401e+06 7.579071605578064919e-01
5.790100000000000000e+04 5.698500000000000000e+03 7.760978694785680254e+00 5.961782508272703840e-01 4.029600311377005652e+06 1.126763529144227505e+00
5.790100000000000000e+04 5.703500000000000000e+03 1.044921009670445322e+01 6.850891893117587728e-01 4.029594562380287796e+06 -7.132345321588218212e-01
5.790100000000000000e+04 5.708500000000000000e+03 8.494106521483686834e+00 5.632589657921068804e-01 4.029588924782616552e+06 -2.442652857396751642e+00
5.790100000000000000e+04 5.713500000000000000e+03 8.805294541081979176e+00 5.922712481363207049e-01 4.029589916643658187e+06 2.456564565654844046e+00
5.790100000000000000e+04 5.718500000000000000e+03 9.090490122306233545e+00 6.208833598247859298e-01 4.029584599736819975e+06 1.046187803614884615e+00
5.790100000000000000e+04 5.723500000000000000e+03 9.747237679494679341e+00 6.416117550401466696e-01 4.029579606836365070e+06 -4.101191181689500809e-02
5.790100000000000000e+04 5.728500000000000000e+03 1.636113073127411255e+01 9.158746110675888286e-01 4.029576549104389735e+06 8.061247840523719788e-01
5.790100000000000000e+04 5.733500000000000000e+03 8.922696191768080709e+00 5.771992874370264204e-01 4.029571253696480300e+06 -5.852489643730223179e-01
5.790100000000000000e+04 5.738500000000000000e+03 7.679074532734768255e+00 5.667822536102933295e-01 4.029568926274176687e+06 9.905262305401265621e-01
5.790100000000000000e+04 5.743500000000000000e+03 1.313924518348778570e+01 8.082564353325873974e-01 4.029564781438527629e+06 7.480495376512408257e-01
5.790100000000000000e+04 5.748500000000000000e+03 8.943825013351133890e+00 6.093125077411645218e-01 4.029560807636554819e+06 6.757663772441446781e-01
5.790100000000000000e+04 5.753500000000000000e+03 1.099560032278733956e+01 6.823686869485859896e-01 4.029556602963728365e+06 3.717708769254386425e-01
5.790100000000000000e+04 5.758500000000000000e+03 9.193718801163749177e+00 6.248013620092518483e-01 4.029554373063712381e+06 2.041705618146806955e+00
5.790100000000000000e+04 5.763500000000000000e+03 1.386631663107373846e+01 8.428600538267405629e-01 4.029548733546761330e+06 3.011800227686762810e-01
5.790100000000000000e+04 5.768500000000000000e+03 1.274653906896573652e+01 7.665793811548761161e-01 4.029545288116248325e+06 7.538968743756413460e-01
5.790100000000000000e+04 5.773500000000000000e+03 8.460988651962221496e+00 6.351152488880582592e-01 4.029540366692486219e+06 -2.702238694764673710e-01
5.790100000000000000e+04 5.778500000000000000e+03 9.696162251394378373e+00 6.596471728458979111e-01 4.029539496027148329e+06 2.755569340195506811e+00
5.790100000000000000e+04 5.783500000000000000e+03 9.447730505381928268e+00 6.428762881949272590e-01 4.029534672997456510e+06 1.828153823968023062e+00
5.790100000000000000e+04 5.788500000000000000e+03 1.021613047090542636e+01 6.418511515258573663e-01 4.029529565079776570e+06 6.150062587112188339e-01
5.790100000000000000e+04 5.793500000000000000e+03 1.397294275131014807e+01 8.089097758113369396e-01 4.029526181708214805e+06 1.125561269931495190e+00
5.790100000000000000e+04 5.798500000000000000e+03 1.084318792592532432e+01 6.731867390158078335e-01 4.029520852241029497e+06 -3.108221618458628654e-01
5.790100000000000000e+04 5.803500000000000000e+03 7.590915315100700056e+00 5.884555876997278334e-01 4.029520252340856940e+06 2.981519513763487339e+00
5.790100000000000000e+04 5.808500000000000000e+03 1.127300906857898433e+01 7.363881443374649116e-01 4.029513492443766911e+06 1.130234678275883198e-01
5.790100000000000000e+04 5.813500000000000000e+03 1.053553617234510398e+01 6.794155817557065991e-01 4.029509502289541066e+06 1.343076210469007492e-02
5.790100000000000000e+04 5.818500000000000000e+03 9.659723470609478113e+00 6.855489390102319502e-01 4.029505464579994325e+06 -1.345553342252969742e-01
5.790100000000000000e+04 5.823500000000000000e+03 1.071181056584673641e+01 6.847342284736195328e-01 4.029500326637953054e+06 -1.383610376622527838e+00
5.790100000000000000e+04 5.828500000000000000e+03 1.026170190974615970e+01 6.979044807179469734e-01 4.029498618071187753e+06 7.958751833066344261e-01
5.790100000000000000e+04 5.833500000000000000e+03 1.327179501118804161e+01 8.162749293610090939e-01 4.029493472000232432e+06 -4.629761921241879463e-01
5.790100000000000000e+04 5.838500000000000000e+03 9.234890645413381449e+00 6.673919338613009122e-01 4.029490440243775956e+06 3.916562581434845924e-01
5.790100000000000000e+04 5.843500000000000000e+03 8.674057218898274968e+00 5.962834620195452962e-01 4.029484521465745755e+06 -1.641561326570808887e+00
5.790100000000000000e+04 5.848500000000000000e+03 1.117929019204065710e+01 7.061497322978405045e-01 4.029481217536895536e+06 -1.060755853075534105e+00
5.790100000000000000e+04 5.853500000000000000e+03 1.001297854450312919e+01 6.617704522997832628e-01 4.029478001292732544e+06 -3.930893507786095142e-01
5.790100000000000000e+04 5.858500000000000000e+03 9.433358971100915369e+00 6.460229613455141795e-01 4.029474709094100632e+06 1.978016039356589317e-01
5.790100000000000000e+04 5.863500000000000000e+03 1.209301848205148922e+01 7.343484989029829269e-01 4.029470139978572261e+06 -4.890427272766828537e-01
5.790100000000000000e+04 5.868500000000000000e+03 9.630261306641287433e+00 6.305682028049078847e-01 4.029466151056455448e+06 -5.965092456899583340e-01
5.790100000000000000e+04 5.873500000000000000e+03 8.607406845635912518e+00 6.451609275898034790e-01 4.029459774566176347e+06 -3.092356641311198473e+00
5.790100000000000000e+04 5.878500000000000000e+03 9.712220465550155168e+00 6.601113009150004762e-01 4.029459413147178944e+06 4.260575044900178909e-01
5.790100000000000000e+04 5.883500000000000000e+03 9.427813205285742626e+00 6.322640058675439434e-01 4.029455113913588226e+06 5.850370973348617554e-03
5.790100000000000000e+04 5.888500000000000000e+03 1.039712787261408877e+01 6.656902801921903423e-01 4.029449802966197953e+06 -1.426874121185392141e+00
5.790100000000000000e+04 5.893500000000000000e+03 6.675330869402369416e+00 5.036374713157447669e-01 4.029449589963598177e+06 2.237545813899487257e+00
5.790100000000000000e+04 5.898500000000000000e+03 7.825110308698140393e+00 5.472582027358477985e-01 4.029445479837134015e+06 2.004044773988425732e+00
5.790100000000000000e+04 5.903500000000000000e+03 1.130815691220179353e+01 7.315575114137737867e-01 4.029440700127856806e+06 1.100167117081582546e+00
5.790100000000000000e+04 5.908500000000000000e+03 1.073474314396876927e+01 6.888391661288860712e-01 4.029434629557767417e+06 -1.095361802726984024e+00
5.790100000000000000e+04 5.913500000000000000e+03 1.172108978117675804e+01 7.436162232505667546e-01 4.029430098233193625e+06 -1.752432268578559160e+00
5.790100000000000000e+04 5.918500000000000000e+03 8.017362350325775822e+00 5.692900004156831173e-01 4.029425626921626739e+06 -2.350273366551846266e+00
5.790100000000000000e+04 5.923500000000000000e+03 6.951806943606020361e+00 5.372050253420044275e-01 4.029422866026041098e+06 -1.238478676415979862e+00
5.790100000000000000e+04 5.928500000000000000e+03 1.375114730229410043e+01 8.334240796498441073e-01 4.029420073868167587e+06 -1.587230027653276920e-01
5.790100000000000000e+04 5.933500000000000000e+03 1.123060012040272504e+01 7.134390401418907457e-01 4.029415077236653306e+06 -1.284214227460324764e+00
5.790100000000000000e+04 5.938500000000000000e+03 1.283723013231570320e+01 7.662930005858415994e-01 4.029410357131236233e+06 -2.133949134498834610e+00
5.790100000000000000e+04 5.943500000000000000e+03 7.921284681924312565e+00 5.500361017968046218e-01 4.029410564908020198e+06 1.943431852851063013e+00
5.790100000000000000e+04 5.948500000000000000e+03 1.280188904821244833e+01 7.977591531144209158e-01 4.029404332694621757e+06 -4.199401880614459515e-01
5.790100000000000000e+04 5.953500000000000000e+03 1.132149790130276479e+01 6.873738932572873717e-01 4.029399378587281797e+06 -1.505965570919215679e+00
5.790100000000000000e+04 5.958500000000000000e+03 1.019945261315674223e+01 6.507663637051026573e-01 4.029394757871175651e+06 -2.259355704300105572e+00
5.790100000000000000e+04 5.963500000000000000e+03 9.714095038802492255e+00 6.299465688271147501e-01 4.029394816363181919e+06 1.665709677617996931e+00
5.790100000000000000e+04 5.968500000000000000e+03 9.043692961448575929e+00 6.309097378470065465e-01 4.029390145491207018e+06 8.606618298217654228e-01
5.790100000000000000e+04 5.973500000000000000e+03 1.414718004846085542e+01 8.350669562667567547e-01 4.029384623569001444e+06 -7.961821993812918663e-01
5.790100000000000000e+04 5.978500000000000000e+03 1.181845272487990961e+01 7.254275104607144087e-01 4.029379968237995636e+06 -1.587177729234099388e+00
5.790100000000000000e+04 5.983500000000000000e+03 8.978995346438933822e+00 6.016003990163300008e-01 4.029379524965546560e+06 1.833145781885832548e+00
5.790100000000000000e+04 5.988500000000000000e+03 7.918613895590086216e+00 5.580651645361286439e-01 4.029371070191551466e+06 -2.758768647443503141e+00
5.790100000000000000e+04 5.993500000000000000e+03 9.878977662287237393e+00 6.795252103725148984e-01 4.029369922408886719e+06 -4.442509822547435760e-02
5.790100000000000000e+04 5.998500000000000000e+03 1.011337921313961807e+01 6.544770716918897335e-01 4.029365946836022194e+06 -1.586021357215940952e-01
5.790100000000000000e+04 6.003500000000000000e+03 8.826224057005902068e+00 5.954049659243986214e-01 4.029361543107984588e+06 -7.016618577763438225e-01
5.790100000000000000e+04 6.008500000000000000e+03 7.430500813814743033e+00 5.554281372930672811e-01 4.029358831971534062e+06 4.471452720463275909e-01
5.790100000000000000e+04 6.013500000000000000e+03 1.237493065955679228e+01 7.491212755614135022e-01 4.029354001989273820e+06 -5.236154641024768353e-01
5.790100000000000000e+04 6.018500000000000000e+03 7.436927695145762129e+00 5.161679495051783029e-01 4.029349270643030759e+06 -1.396459675859659910e+00
5.790100000000000000e+04 6.023500000000000000e+03 1.164893393857635218e+01 7.342259527049054268e-01 4.029344922507894225e+06 -1.886809822637587786e+00
5.790100000000000000e+04 6.028500000000000000e+03 9.200433259540593767e+00 6.451756620110240537e-01 4.029344662195421290e+06 1.709947978146374226e+00
5.790100000000000000e+04 6.033500000000000000e+03 1.097329166801957179e+01 7.066197851432894916e-01 4.029339587679656688e+06 4.917899654246866703e-01
5.790100000000000000e+04 6.038500000000000000e+03 1.262208832946149961e+01 7.760589969558925327e-01 4.029336035307535436e+06 7.950651296414434910e-01
5.790100000000000000e+04 6.043500000000000000e+03 1.128096624787327507e+01 7.200363788149972688e-01 4.029331266331031453e+06 -1.189726442098617554e-01
5.790100000000000000e+04 6.048500000000000000e+03 9.215862301350835395e+00 6.131243792497989009e-01 4.029328795140510891e+06 1.264068770222365856e+00
5.790100000000000000e+04 6.053500000000000000e+03 1.147297046886945182e+01 7.428720857004388334e-01 4.029325208545297850e+06 1.531000295188277960e+00
5.790100000000000000e+04 6.058500000000000000e+03 1.334086705952173979e+01 7.833113900018575659e-01 4.029319380417027976e+06 -4.443049998953938484e-01
5.790100000000000000e+04 6.063500000000000000e+03 1.500745331085688861e+01 8.879744907260050946e-01 4.029316940494849347e+06 9.678932940587401390e-01
5.790100000000000000e+04 6.068500000000000000e+03 7.905493545792355192e+00 5.831330755159703783e-01 4.029311423428378534e+06 -6.977541279047727585e-01
5.790100000000000000e+04 6.073500000000000000e+03 1.160711413293314997e+01 7.337854002175226986e-01 4.029308442788664252e+06 1.723246756009757519e-01
5.790100000000000000e+04 6.078500000000000000e+03 1.388648754034019817e+01 8.214483042261105927e-01 4.029305159705716651e+06 7.392604108899831772e-01
5.790100000000000000e+04 6.083500000000000000e+03 1.805344782141067128e+01 1.000000000000000000e+00 4.029299386823315639e+06 -1.184302645269781351e+00
5.790100000000000000e+04 6.088500000000000000e+03 9.609846998329285128e+00 6.209722472152570116e-01 4.029295988140212372e+06 -7.343654548749327660e-01
5.790100000000000000e+04 6.093500000000000000e+03 1.184325024124693648e+01 7.521041678440613110e-01 4.029294191192710772e+06 1.316608356777578592e+00
5.790100000000000000e+04 6.098500000000000000e+03 1.430423004201079529e+01 8.076782300381668556e-01 4.029289149567603134e+06 1.222054325044155121e-01
5.790100000000000000e+04 6.103500000000000000e+03 1.296046990675183608e+01 8.095595665419678122e-01 4.029284982947525103e+06 -1.978919771499931812e-01
5.790100000000000000e+04 6.108500000000000000e+03 1.013925066065950098e+01 6.524168460143240367e-01 4.029280402004026342e+06 -9.330129367299377918e-01
5.790100000000000000e+04 6.113500000000000000e+03 9.869757409322257757e+00 6.985647142748596661e-01 4.029279141271835193e+06 1.651376417372375727e+00
5.790100000000000000e+04 6.118500000000000000e+03 1.056905823761246133e+01 6.944530453666217795e-01 4.029275351073730271e+06 1.705597751773893833e+00
5.790100000000000000e+04 6.123500000000000000e+03 1.420533939720009364e+01 8.390652633631644486e-01 4.029270041447956115e+06 2.396879382431507111e-01
5.790100000000000000e+04 6.128500000000000000e+03 9.664911711550711715e+00 6.464547575468738705e-01 4.029265591598885134e+06 -3.671502852812409401e-01
5.790100000000000000e+04 6.133500000000000000e+03 1.206812783957878743e+01 7.549190006108182915e-01 4.029264366310789250e+06 2.249865442514419556e+00
5.790100000000000000e+04 6.138500000000000000e+03 1.205450024661905317e+01 7.413348237463379675e-01 4.029259258511928841e+06 9.836611934006214142e-01
5.790100000000000000e+04 6.143500000000000000e+03 1.526493463833751463e+01 8.543827610373039283e-01 4.029255131315416191e+06 6.973476074635982513e-01
5.790100000000000000e+04 6.148500000000000000e+03 1.155956308441621694e+01 6.857673689748041701e-01 4.029250179838063661e+06 -4.139612717553973198e-01
5.790100000000000000e+04 6.153500000000000000e+03 1.047529985151298071e+01 6.440714271658115608e-01 4.029249220944924280e+06 2.466596539132297039e+00
5.790100000000000000e+04 6.158500000000000000e+03 1.159971346434120143e+01 7.331125558058132485e-01 4.029244613345035817e+06 1.697726705111563206e+00
5.790100000000000000e+04 6.163500000000000000e+03 1.184729115550076628e+01 6.985700451177384585e-01 4.029239077466217335e+06 -1.466483809053897858e-04
5.790100000000000000e+04 6.168500000000000000e+03 1.539068669429873104e+01 9.207928764279140754e-01 4.029236027268579695e+06 7.869325783103704453e-01
5.790100000000000000e+04 6.173500000000000000e+03 1.204169214756562489e+01 7.667716229178335174e-01 4.029231196725788526e+06 -2.070662877522408962e-01
5.790100000000000000e+04 6.178500000000000000e+03 1.023760558345178140e+01 6.327648876874865103e-01 4.029225822734844405e+06 -1.745250924956053495e+00
5.790100000000000000e+04 6.183500000000000000e+03 1.285899444474673459e+01 7.371783314176112434e-01 4.029224579076997936e+06 8.461548984050750732e-01
5.790100000000000000e+04 6.188500000000000000e+03 1.199688083928701410e+01 6.851174086728853974e-01 4.029219392939072102e+06 -5.056673637591302395e-01
5.790100000000000000e+04 6.193500000000000000e+03 1.107120960763810835e+01 7.352191499690369225e-01 4.029215634615597315e+06 -4.304289072751998901e-01
5.790100000000000000e+04 6.198500000000000000e+03 9.248742227420658324e+00 6.372925933380042540e-01 4.029210767922101077e+06 -1.464320294093340635e+00
5.790100000000000000e+04 6.203500000000000000e+03 8.963170889843484090e+00 6.077665351761065704e-01 4.029208952839755919e+06 5.526331863366067410e-01
5.790100000000000000e+04 6.208500000000000000e+03 1.538927234343021766e+01 8.527236595030254218e-01 4.029204339293146972e+06 -2.296507204882800579e-01
5.790100000000000000e+04 6.213500000000000000e+03 1.223337301843045211e+01 7.753615077934705724e-01 4.029200707709280308e+06 -3.075223229825496674e-02
5.790100000000000000e+04 6.218500000000000000e+03 1.157702305497001127e+01 7.468551368723446160e-01 4.029195475072391797e+06 -1.433694730978459120e+00
5.790100000000000000e+04 6.223500000000000000e+03 1.564064641248002552e+01 8.882906070427609713e-01 4.029194240019117482e+06 1.160150403622537851e+00
5.790100000000000000e+04 6.228500000000000000e+03 1.052466040393614577e+01 6.995413960456747793e-01 4.029189084606498014e+06 -1.671682102605700493e-01
5.790100000000000000e+04 6.233500000000000000e+03 1.362189897107873193e+01 8.101550978150107163e-01 4.029185461129074451e+06 3.663513297215104103e-02
5.790100000000000000e+04 6.238500000000000000e+03 1.286670002207126728e+01 7.750856189966701670e-01 4.029180721227780450e+06 -8.768078899011015892e-01
5.790100000000000000e+04 6.243500000000000000e+03 1.185980729205461159e+01 7.338535648948677492e-01 4.029178918024736922e+06 1.145615158602595329e+00
5.790100000000000000e+04 6.248500000000000000e+03 1.073414290570869589e+01 6.951251793846209281e-01 4.029174233573423233e+06 2.859476380981504917e-01
5.790100000000000000e+04 6.253500000000000000e+03 1.150980217263378336e+01 7.634324304856330290e-01 4.029170342398974579e+06 2.187041244469583035e-01
5.790100000000000000e+04 6.258500000000000000e+03 1.372665079317195591e+01 8.080366859852360362e-01 4.029165149562575854e+06 -1.151065206620842218e+00
5.790100000000000000e+04 6.263500000000000000e+03 8.438586563583994504e+00 5.721180631463521626e-01 4.029161905927865766e+06 -5.725081814453005791e-01
5.790100000000000000e+04 6.268500000000000000e+03 7.985931085188716416e+00 5.763794991398795142e-01 4.029158457409015857e+06 -1.997225554659962654e-01
5.790100000000000000e+04 6.273500000000000000e+03 1.011602382617415863e+01 6.777054966928724999e-01 4.029156194048124831e+06 1.357321371324360371e+00
5.790100000000000000e+04 6.278500000000000000e+03 1.382485221813265319e+01 7.843743265724002489e-01 4.029150686806642916e+06 -3.304278235882520676e-01
5.790100000000000000e+04 6.283500000000000000e+03 9.724888313566264486e+00 6.351293938205999634e-01 4.029145273681355175e+06 -1.924986714962869883e+00
5.790100000000000000e+04 6.288500000000000000e+03 1.116604065287342173e+01 7.318888900383472285e-01 4.029143438250217121e+06 5.720880394801497459e-02
5.790100000000000000e+04 6.293500000000000000e+03 1.294364362877793972e+01 7.507420240566313741e-01 4.029139772210804746e+06 2.078419597819447517e-01
5.790100000000000000e+04 6.298500000000000000e+03 1.032723865990668166e+01 7.313024768665223885e-01 4.029135358887937386e+06 -3.897772789932787418e-01
5.790100000000000000e+04 6.303500000000000000e+03 1.237763516737092928e+01 7.627259486505115760e-01 4.029129839419364464e+06 -2.094526529312133789e+00
5.790100000000000000e+04 6.308500000000000000e+03 8.452797213279767519e+00 5.797087203055548699e-01 4.029129079102557618e+06 9.588757962919771671e-01
5.790100000000000000e+04 6.313500000000000000e+03 9.838601142442545466e+00 6.209563140769204237e-01 4.029124970868958160e+06 6.633447273634374142e-01
5.790100000000000000e+04 6.318500000000000000e+03 1.103812089740381808e+01 7.448715164685861811e-01 4.029120537936610635e+06 4.208136536180973053e-02
5.790100000000000000e+04 6.323500000000000000e+03 1.007321021701748798e+01 6.887268705553339920e-01 4.029115626733365469e+06 -1.058503925800323486e+00
5.790100000000000000e+04 6.328500000000000000e+03 7.433721446662788779e+00 5.341569727009032320e-01 4.029114593236584216e+06 1.717548185028135777e+00
5.790100000000000000e+04 6.333500000000000000e+03 1.295036456708848682e+01 7.408993279335519544e-01 4.029109496091863140e+06 4.288647053763270378e-01
5.790100000000000000e+04 6.338500000000000000e+03 9.550737676447228708e+00 6.743707025128160559e-01 4.029104299942673650e+06 -9.599300418049097061e-01
5.790100000000000000e+04 6.343500000000000000e+03 1.304653402651541327e+01 7.598226136183507951e-01 4.029100104917916469e+06 -1.348726872820407152e+00
5.790100000000000000e+04 6.348500000000000000e+03 1.296305103050636731e+01 7.892314327592102607e-01 4.029099413446631283e+06 1.764882958959788084e+00
5.790100000000000000e+04 6.353500000000000000e+03 1.591352854807844430e+01 8.982028684356945236e-01 4.029095005904728547e+06 1.161254487466067076e+00
5.790100000000000000e+04 6.358500000000000000e+03 9.220427573270143284e+00 6.206526178734668164e-01 4.029088891111722216e+06 -1.150814240798354149e+00
5.790100000000000000e+04 6.363500000000000000e+03 7.166359186909859957e+00 5.407690862758371964e-01 4.029085922291434370e+06 -3.181214649230241776e-01
5.790100000000000000e+04 6.368500000000000000e+03 1.133933515752100618e+01 7.539797922330816471e-01 4.029080395742792636e+06 -2.044390925206243992e+00
5.790100000000000000e+04 6.373500000000000000e+03 8.810939072306293696e+00 6.220167740763350439e-01 4.029075640741977375e+06 -3.000369720626622438e+00
5.790100000000000000e+04 6.378500000000000000e+03 1.011736483475231374e+01 6.824194206717578703e-01 4.029075040367237758e+06 1.969965039752423763e-01
5.790100000000000000e+04 6.383500000000000000e+03 1.275102135350589805e+01 7.874217087588897268e-01 4.029071158503297716e+06 1.115679484792053699e-01
5.790100000000000000e+04 6.388500000000000000e+03 9.502276107933107951e+00 6.296461089924930699e-01 4.029065077756145038e+06 -2.174074551090598106e+00
5.790100000000000000e+04 6.393500000000000000e+03 1.136438619780085268e+01 7.194987906367691366e-01 4.029063792581034359e+06 3.344984636642038822e-01
5.790100000000000000e+04 6.398500000000000000e+03 1.113403639930372790e+01 7.141200465634099936e-01 4.029060140323678497e+06 4.746062690392136574e-01
5.790100000000000000e+04 6.403500000000000000e+03 8.926966563444256764e+00 6.305932774314900735e-01 4.029055004939672071e+06 -8.698226353153586388e-01
5.790100000000000000e+04 6.408500000000000000e+03 4.211044361667654279e+00 4.288549760870965510e-01 4.029051026371495798e+06 -1.058873522561043501e+00
5.790100000000000000e+04 6.413500000000000000e+03 1.131375502320376825e+01 7.047333872020956624e-01 4.029048586675663479e+06 2.894817013293504715e-01
5.790100000000000000e+04 6.418500000000000000e+03 1.281931298902592964e+01 7.578902117860187859e-01 4.029044735402341466e+06 2.247641053982079029e-01
5.790100000000000000e+04 6.423500000000000000e+03 1.148051753707233047e+01 7.014139413232252096e-01 4.029040010015930980e+06 -7.155916867777705193e-01
5.790100000000000000e+04 6.428500000000000000e+03 1.008647781046884084e+01 6.833815610884167446e-01 4.029036905030497815e+06 -3.710207436233758926e-02
5.790100000000000000e+04 6.433500000000000000e+03 9.190106248127483113e+00 6.329342999252103308e-01 4.029033224145946093e+06 6.390168378129601479e-02
5.790100000000000000e+04 6.438500000000000000e+03 1.325801249725194708e+01 8.227799741432383351e-01 4.029030404340591747e+06 1.024366036988794804e+00
5.790100000000000000e+04 6.443500000000000000e+03 1.212666089867421881e+01 7.243695759775269361e-01 4.029026138035777025e+06 5.366797540336847305e-01
5.790100000000000000e+04 6.448500000000000000e+03 8.900119576556463130e+00 6.346778124190690651e-01 4.029020439457720146e+06 -1.384964238852262497e+00
5.790100000000000000e+04 6.453500000000000000e+03 1.128670268099043206e+01 7.152365821590265238e-01 4.029018987160518300e+06 9.379541384987533092e-01
5.790100000000000000e+04 6.458500000000000000e+03 1.156858666409763714e+01 6.966475759006051094e-01 4.029014949984943029e+06 6.742409104481339455e-01
5.790100000000000000e+04 6.463500000000000000e+03 5.681013306851848021e+00 4.703041266076283811e-01 4.029010093853205442e+06 -4.102171957492828369e-01
5.790100000000000000e+04 6.468500000000000000e+03 9.155810098942540165e+00 6.257149404794080105e-01 4.029005776041393634e+06 -9.581803251057863235e-01
5.790100000000000000e+04 6.473500000000000000e+03 1.259008243823057249e+01 7.535718574726848473e-01 4.029004088511125185e+06 1.122276159003376961e+00
5.790100000000000000e+04 6.478500000000000000e+03 1.155098309749846663e+01 7.108219985065357127e-01 4.029000134186211508e+06 9.340383242815732956e-01
5.790100000000000000e+04 6.483500000000000000e+03 8.964072214111311609e+00 6.235497712302863205e-01 4.028994498814428225e+06 -9.371845619753003120e-01
5.790100000000000000e+04 6.488500000000000000e+03 7.830881403696973386e+00 5.642362501292464971e-01 4.028989777943247929e+06 -1.895884309429675341e+00
5.790100000000000000e+04 6.493500000000000000e+03 1.173095451167242409e+01 6.878681150429567515e-01 4.028989076984819490e+06 1.163311167620122433e+00
5.790100000000000000e+04 6.498500000000000000e+03 9.719764959466560938e+00 6.585293731444270549e-01 4.028984472892902326e+06 3.173147793859243393e-01
5.790100000000000000e+04 6.503500000000000000e+03 9.637132043165285822e+00 6.453234584506970517e-01 4.028979534317012411e+06 -8.652656055055558681e-01
5.790100000000000000e+04 6.508500000000000000e+03 1.265787971540903634e+01 7.955758394528823496e-01 4.028976110867645591e+06 -5.348619366995990276e-01
5.790100000000000000e+04 6.513500000000000000e+03 6.114620655431644458e+00 5.079164343155412320e-01 4.028973892844512593e+06 9.987822407856583595e-01
5.790100000000000000e+04 6.518500000000000000e+03 8.599569515358743033e+00 6.351557559791443097e-01 4.028969700208537746e+06 5.555837801657617092e-01
5.790100000000000000e+04 6.523500000000000000e+03 9.001717241594127117e+00 6.587609707596838726e-01 4.028964909437189344e+06 -4.880247446708381176e-01
5.790100000000000000e+04 6.528500000000000000e+03 9.869127499282791760e+00 6.488392552920227985e-01 4.028958905831370037e+06 -2.746788156218826771e+00
5.790100000000000000e+04 6.533500000000000000e+03 1.167341140190101179e+01 7.779776387669896653e-01 4.028959290822957177e+06 1.380678862333297729e+00
5.790100000000000000e+04 6.538500000000000000e+03 1.054661466574921036e+01 7.205664331257454203e-01 4.028954356947330292e+06 1.868642843328416348e-01
5.790100000000000000e+04 6.603500000000000000e+03 8.301312179812258663e+00 8.557272971226881353e-01 4.028904939832977951e+06 6.603821464814245701e-01
5.790100000000000000e+04 6.608500000000000000e+03 8.781671123050195149e+00 9.262633888344338207e-01 4.028900214747872204e+06 -2.500634598545730114e-01
5.790100000000000000e+04 6.613500000000000000e+03 5.890534037037190807e+00 6.528326999518150320e-01 4.028896342927685007e+06 -3.165517118759453297e-01
5.790100000000000000e+04 6.618500000000000000e+03 5.673761632542168698e+00 6.054106254764174411e-01 4.028894469760977197e+06 1.606845709029585123e+00
5.790100000000000000e+04 6.623500000000000000e+03 5.524325603751001346e+00 6.130685394510653197e-01 4.028890572558553889e+06 1.497961787506937981e+00
5.790100000000000000e+04 6.628500000000000000e+03 5.983885918175544383e+00 6.539426062626585434e-01 4.028885212603036314e+06 -8.141600107774138451e-02
5.790100000000000000e+04 6.633500000000000000e+03 5.090390572717535811e+00 5.774094914815832702e-01 4.028881088376770262e+06 -4.323175428435206413e-01
5.790100000000000000e+04 6.638500000000000000e+03 5.810996218486367937e+00 6.370978666162548931e-01 4.028874861397888511e+06 -2.892753778025507927e+00
5.790100000000000000e+04 6.643500000000000000e+03 8.128157909146105808e+00 8.137901978231610878e-01 4.028874665456587914e+06 6.715198219753801823e-01
5.790100000000000000e+04 6.648500000000000000e+03 4.426322536019644538e+00 5.144211310964228456e-01 4.028869524770102929e+06 -7.148415278643369675e-01
5.790100000000000000e+04 6.653500000000000000e+03 7.287945367107518280e+00 7.777611661631088635e-01 4.028864417481756303e+06 -2.073272632900625467e+00
5.790100000000000000e+04 6.658500000000000000e+03 4.500135542406690448e+00 5.196821869804547633e-01 4.028864733071212191e+06 1.986112185288220644e+00
5.790100000000000000e+04 6.663500000000000000e+03 7.562805562780435586e+00 7.574272423645491692e-01 4.028860464843801688e+06 1.457008648663759232e+00
5.790100000000000000e+04 6.668500000000000000e+03 6.889560535535041552e+00 7.291340516385877990e-01 4.028855313422798179e+06 4.041505185887217522e-02
5.790100000000000000e+04 6.673500000000000000e+03 6.685925627542446570e+00 7.039905976907773200e-01 4.028851013284556568e+06 -5.288323606364428997e-01
5.790100000000000000e+04 6.678500000000000000e+03 4.090107947516588460e+00 4.881988288367757889e-01 4.028850130281122401e+06 2.315463465172797441e+00
5.790100000000000000e+04 6.683500000000000000e+03 5.658652305183323961e+00 6.132235215179080434e-01 4.028845264818126801e+06 1.174038527067750692e+00
5.790100000000000000e+04 6.688500000000000000e+03 6.975725599198717042e+00 6.782052340590750683e-01 4.028839706246548332e+06 -6.634402242489159107e-01
5.790100000000000000e+04 6.693500000000000000e+03 5.024891976269579175e+00 5.806180184357830898e-01 4.028835712539400440e+06 -9.386979551054537296e-01
5.790100000000000000e+04 6.698500000000000000e+03 5.286567863478635054e+00 5.762773190597709760e-01 4.028833299319488462e+06 3.641760549508035183e-01
5.790100000000000000e+04 6.703500000000000000e+03 8.216000586393420235e+00 7.954111750435862715e-01 4.028829301563627552e+06 8.043287415057420731e-02
5.790100000000000000e+04 6.708500000000000000e+03 5.606148362375146021e+00 6.094123702768203810e-01 4.028824763217371423e+06 -7.457211073487997055e-01
5.790100000000000000e+04 6.713500000000000000e+03 6.789183402982650328e+00 6.849014036381937398e-01 4.028819915794949047e+06 -1.882523998618125916e+00
5.790100000000000000e+04 6.718500000000000000e+03 7.521094701167634788e+00 7.643786991328680447e-01 4.028819839248919394e+06 1.750211494043469429e+00
5.790100000000000000e+04 6.723500000000000000e+03 5.299039774676345793e+00 5.907348203906344075e-01 4.028813575288988184e+06 -8.055828730575740337e-01
5.790100000000000000e+04 6.728500000000000000e+03 4.237838261401517315e+00 5.014669055019479460e-01 4.028809026157760527e+06 -1.647454882040619850e+00
5.790100000000000000e+04 6.733500000000000000e+03 4.958025782468312492e+00 5.528424625371456402e-01 4.028805387620617636e+06 -1.579441735055297613e+00
5.790100000000000000e+04 6.738500000000000000e+03 4.476154431532125777e+00 4.942994637483887899e-01 4.028804689507829025e+06 1.428472304251044989e+00
5.790100000000000000e+04 6.743500000000000000e+03 9.633157164798895167e+00 9.332182276109244334e-01 4.028800217507669237e+06 6.621492709964513779e-01
5.790100000000000000e+04 6.748500000000000000e+03 7.931945536916079398e+00 8.028034097488925269e-01 4.028794167297329288e+06 -1.682571343611925840e+00
5.790100000000000000e+04 6.753500000000000000e+03 6.141818105155508078e+00 6.430996277843779030e-01 4.028789172067907639e+06 -2.972347358241677284e+00
5.790100000000000000e+04 6.758500000000000000e+03 6.129836741201541983e+00 6.534091650029416609e-01 4.028788444405076560e+06 5.547010339796543121e-03
5.790100000000000000e+04 6.763500000000000000e+03 8.331143075018990984e+00 8.277427754754747014e-01 4.028784446087462362e+06 -2.869802284985780716e-01
5.790100000000000000e+04 6.768500000000000000e+03 8.544435246810671458e+00 8.189659414881385047e-01 4.028780207228476647e+06 -8.196967625990509987e-01
5.790100000000000000e+04 6.773500000000000000e+03 6.432603269118000178e+00 6.668858193706360682e-01 4.028775756960137282e+06 -1.563361914362758398e+00
5.790100000000000000e+04 6.778500000000000000e+03 7.231811990602230900e+00 7.346781183143955563e-01 4.028774480784276035e+06 8.676248169504106045e-01
5.790100000000000000e+04 6.783500000000000000e+03 6.688702904442651587e+00 7.029145356148138735e-01 4.028770467518211808e+06 5.621696668677031994e-01
5.790100000000000000e+04 6.788500000000000000e+03 4.929839696614446432e+00 5.296573205114353255e-01 4.028765321849372704e+06 -8.749605240300297737e-01
5.790100000000000000e+04 6.793500000000000000e+03 4.729854785069631973e+00 5.348238226446012655e-01 4.028760736221560277e+06 -1.751251803245395422e+00
5.790100000000000000e+04 6.798500000000000000e+03 5.433568318260253882e+00 5.892925561939569290e-01 4.028759883876802400e+06 1.106598992832005024e+00
5.790100000000000000e+04 6.803500000000000000e+03 7.156197174675996031e+00 7.151078497361984532e-01 4.028755022783884779e+06 -4.338698461651802063e-02
5.790100000000000000e+04 6.808500000000000000e+03 8.653510938387116269e+00 8.543605553241973016e-01 4.028750043644079473e+06 -1.310464629437774420e+00
5.790100000000000000e+04 6.813500000000000000e+03 7.982890921824830066e+00 7.939474571822456861e-01 4.028749487671549432e+06 1.846615777350962162e+00
5.790100000000000000e+04 6.818500000000000000e+03 9.464316019125362800e+00 9.299023557543363294e-01 4.028744756456716452e+06 8.294721711426973343e-01
5.790100000000000000e+04 6.823500000000000000e+03 8.386533408526533506e+00 8.186501618100854305e-01 4.028740678818943445e+06 4.669436397962272167e-01
5.790100000000000000e+04 6.828500000000000000e+03 7.416772777545676654e+00 7.176230721979650617e-01 4.028735709588600323e+06 -7.861272753216326237e-01
5.790100000000000000e+04 6.833500000000000000e+03 5.647966501240481385e+00 6.241579073434712077e-01 4.028734499020562042e+06 1.720519169233739376e+00
5.790100000000000000e+04 6.838500000000000000e+03 5.674041074029409160e+00 6.096631527266049844e-01 4.028729659572753124e+06 5.993387070484459400e-01
5.790100000000000000e+04 6.843500000000000000e+03 9.664340620875828236e+00 9.085255045483048297e-01 4.028725656483085360e+06 3.155602416954934597e-01
5.790100000000000000e+04 6.848500000000000000e+03 8.109534184500152065e+00 7.716448669480744371e-01 4.028720956394681707e+06 -6.641886807046830654e-01
5.790100000000000000e+04 6.853500000000000000e+03 8.180023958154261976e+00 7.658744804793768957e-01 4.028719683350125793e+06 1.784112617839127779e+00
5.790100000000000000e+04 6.858500000000000000e+03 5.844963689822074926e+00 6.060907768666640161e-01 4.028714951458828058e+06 7.745455605909228325e-01
5.790100000000000000e+04 6.863500000000000000e+03 9.461081090178725006e+00 8.841855017526010219e-01 4.028710433364146389e+06 -2.028031833469867706e-02
5.790100000000000000e+04 6.868500000000000000e+03 6.839354503824185194e+00 6.699627068557238996e-01 4.028709466162621044e+06 2.736692102625966072e+00
5.790100000000000000e+04 6.873500000000000000e+03 5.810482811670510728e+00 6.042818715137601160e-01 4.028704900926738977e+06 1.896490544546395540e+00
5.790100000000000000e+04 6.878500000000000000e+03 7.590670544217854143e+00 7.521825573184495184e-01 4.028699940026246477e+06 6.614348837174475193e-01
5.790100000000000000e+04 6.883500000000000000e+03 8.561300658328907076e+00 8.155225746840447654e-01 4.028694597690891940e+06 -9.542998606339097023e-01
5.790100000000000000e+04 6.888500000000000000e+03 5.251381739670381243e+00 5.549185985306954727e-01 4.028691495992879383e+06 -3.287008306942880154e-01
5.790100000000000000e+04 6.893500000000000000e+03 7.252926258142697868e+00 6.818488375045804739e-01 4.028690032356431708e+06 1.935592481400817633e+00
5.790100000000000000e+04 6.898500000000000000e+03 7.085681984608599215e+00 6.924702803661334505e-01 4.028684326407277957e+06 -4.186203656718134880e-02
5.790100000000000000e+04 6.903500000000000000e+03 7.015252249398072237e+00 6.892886606065974364e-01 4.028679866940864362e+06 -7.723406609147787094e-01
5.790100000000000000e+04 6.908500000000000000e+03 6.548640980985332760e+00 6.653784019193532684e-01 4.028675795228416566e+06 -1.114647526759654284e+00
5.790100000000000000e+04 6.913500000000000000e+03 4.436678690100955613e+00 5.044770766774724358e-01 4.028674818745832425e+06 1.638614512048661709e+00
5.790100000000000000e+04 6.918500000000000000e+03 6.286972454238892283e+00 6.285432282241034674e-01 4.028669993375104386e+06 5.432455465197563171e-01
5.790100000000000000e+04 6.923500000000000000e+03 7.100054243625008255e+00 6.716175273279680891e-01 4.028665668024098035e+06 -5.193136120215058327e-02
5.790100000000000000e+04 6.928500000000000000e+03 6.427346873166277952e+00 6.264588938657966732e-01 4.028660186626931652e+06 -1.803069556131958961e+00
5.790100000000000000e+04 6.933500000000000000e+03 5.119568223226611536e+00 5.374765552772240440e-01 4.028660587166160345e+06 2.327723638620227575e+00
5.790100000000000000e+04 6.938500000000000000e+03 8.883237847959343014e+00 8.254396897308197145e-01 4.028654451557843480e+06 -7.772776344791054726e-02
5.790100000000000000e+04 6.943500000000000000e+03 1.122928504748383105e+01 9.682181680437106364e-01 4.028651053204903379e+06 2.538851858116686344e-01
5.790100000000000000e+04 6.948500000000000000e+03 7.166979611302410014e+00 6.871208225283652604e-01 4.028645406100936700e+06 -1.663539570756256580e+00
5.790100000000000000e+04 6.953500000000000000e+03 6.160057819039089111e+00 6.155202699775917941e-01 4.028644542705155443e+06 1.202360087540000677e+00
5.790100000000000000e+04 6.958500000000000000e+03 6.661449561805684816e+00 6.632192850712570475e-01 4.028639890522441827e+06 2.789907618425786495e-01
5.790100000000000000e+04 6.963500000000000000e+03 6.692916846230990480e+00 6.486403054126991252e-01 4.028635424884920474e+06 -4.584146533161401749e-01
5.790100000000000000e+04 6.968500000000000000e+03 6.418597525857243191e+00 6.382616241375386190e-01 4.028634794892130885e+06 2.639143447391688824e+00
5.790100000000000000e+04 6.973500000000000000e+03 7.905247221419260839e+00 7.371064820492776448e-01 4.028628727824507281e+06 2.988451085984706879e-01
5.790100000000000000e+04 6.978500000000000000e+03 8.874916546926090888e+00 7.913653663133273231e-01 4.028624851050003897e+06 1.479576784186065197e-01
5.790100000000000000e+04 6.983500000000000000e+03 7.731375654850906720e+00 7.116758271288334825e-01 4.028620857832093257e+06 -1.203559446148574352e-01
5.790100000000000000e+04 6.988500000000000000e+03 6.748903848393441152e+00 6.347216761775296145e-01 4.028616121463889256e+06 -1.132902947720140219e+00
5.790100000000000000e+04 6.993500000000000000e+03 9.830715471363376423e+00 8.480643918271145720e-01 4.028614790537554305e+06 1.258809052873402834e+00
5.790100000000000000e+04 6.998500000000000000e+03 6.744404010925239668e+00 6.388763517762489075e-01 4.028609386538289022e+06 -4.238337581045925617e-01
5.790100000000000000e+04 7.003500000000000000e+03 7.657767951603165812e+00 6.958658351500782713e-01 4.028605752970811911e+06 -3.374246708117425442e-01
5.790100000000000000e+04 7.008500000000000000e+03 6.339695870446465875e+00 5.774718346414571268e-01 4.028600181945907418e+06 -2.189949654042720795e+00
5.790100000000000000e+04 7.013500000000000000e+03 5.798583607180554544e+00 5.735314215899701695e-01 4.028599486737944186e+06 8.317704037763178349e-01
5.790100000000000000e+04 7.018500000000000000e+03 7.345714583127511688e+00 6.539754834853553911e-01 4.028593924339021556e+06 -1.015365912578999996e+00
5.790100000000000000e+04 7.023500000000000000e+03 7.322356156575581032e+00 6.602860977322880798e-01 4.028589763439530041e+06 -1.462759740184992552e+00
5.790100000000000000e+04 7.028500000000000000e+03 6.294558211808118031e+00 5.995474130220370679e-01 4.028585651531966403e+06 -1.863007879350334406e+00
5.790100000000000000e+04 7.033500000000000000e+03 7.909028499521205013e+00 7.169113620862035408e-01 4.028584834499789402e+06 1.029686307534575462e+00
5.790100000000000000e+04 7.038500000000000000e+03 8.677079727602290404e+00 7.629304329707432553e-01 4.028579845488339663e+06 -2.516159405931830406e-01
5.790100000000000000e+04 7.043500000000000000e+03 8.113427025046210161e+00 7.452624929742689419e-01 4.028575247852538712e+06 -1.143640837632119656e+00
5.790100000000000000e+04 7.048500000000000000e+03 4.930250998413082009e+00 4.926548000768674052e-01 4.028573717155271210e+06 1.029096573125571012e+00
5.790100000000000000e+04 7.053500000000000000e+03 8.524108245616817570e+00 7.348197723644264157e-01 4.028569973305393010e+06 9.864306738600134850e-01
5.790100000000000000e+04 7.058500000000000000e+03 1.060816823415929022e+01 8.846160050755332849e-01 4.028565107704039197e+06 -1.803081752732396126e-01
5.790100000000000000e+04 7.063500000000000000e+03 9.318396181045672577e+00 8.086283509244720502e-01 4.028559167496806942e+06 -2.424041210673749447e+00
5.790100000000000000e+04 7.068500000000000000e+03 4.410994292854056198e+00 4.770329787351217932e-01 4.028554879168889485e+06 -3.018345884513109922e+00
5.790100000000000000e+04 7.073500000000000000e+03 6.622528421279525901e+00 6.374851760945027257e-01 4.028555143129514530e+06 9.371288176625967026e-01
5.790100000000000000e+04 7.078500000000000000e+03 5.310697551375049841e+00 5.509539443703673767e-01 4.028549674536120612e+06 -8.425132045522332191e-01
5.790100000000000000e+04 7.083500000000000000e+03 5.970081643731089294e+00 5.668188333493423547e-01 4.028545213173528668e+06 -1.617535747587680817e+00
5.790100000000000000e+04 7.088500000000000000e+03 7.123948548620956167e+00 6.330297941391915817e-01 4.028540488642473239e+06 -2.658381527289748192e+00
5.790100000000000000e+04 7.093500000000000000e+03 8.586055621763531320e+00 7.021702045681740278e-01 4.028539386415122543e+06 -7.961641903966665268e-02
5.790100000000000000e+04 7.098500000000000000e+03 9.768766000526728277e+00 8.229442209300826816e-01 4.028535225583656691e+06 -5.621806303970515728e-01
5.790100000000000000e+04 7.103500000000000000e+03 5.224553901096863129e+00 4.942582540777761269e-01 4.028530374891628046e+06 -1.737357098143547773e+00
5.790100000000000000e+04 7.108500000000000000e+03 5.397016202476547342e+00 5.360936668955655904e-01 4.028526249584673438e+06 -2.189920532517135143e+00
5.790100000000000000e+04 7.113500000000000000e+03 6.926429548013752324e+00 6.593653713269352901e-01 4.028524966846669093e+06 1.972989854402840137e-01
5.790100000000000000e+04 7.118500000000000000e+03 9.102193471974150185e+00 7.544615244757413297e-01 4.028519265133875422e+06 -1.837249609176069498e+00
5.790100000000000000e+04 7.123500000000000000e+03 7.075495723600473852e+00 6.201151425537340112e-01 4.028515809027965646e+06 -1.628985095303505659e+00
5.790100000000000000e+04 7.128500000000000000e+03 1.317241499562828011e+01 1.000000000000000000e+00 4.028514653680116404e+06 8.772503770887851715e-01
5.790100000000000000e+04 7.133500000000000000e+03 8.697731256449376502e+00 7.367224817190630715e-01 4.028510783318604343e+06 6.656991210766136646e-01
5.790100000000000000e+04 7.138500000000000000e+03 8.678139728529405517e+00 7.610907826068912252e-01 4.028505070827844553e+06 -1.390732798259705305e+00
5.790100000000000000e+04 7.143500000000000000e+03 1.182948134038088384e+01 9.486709196212335105e-01 4.028503727896636818e+06 9.196729203686118126e-01
5.790100000000000000e+04 7.148500000000000000e+03 7.289551547610940929e+00 6.626559976595104429e-01 4.028499586489400361e+06 4.289182969368994236e-01
5.790100000000000000e+04 7.153500000000000000e+03 3.912935406851192788e+00 4.303601977350425822e-01 4.028494942896841094e+06 -5.666600163094699383e-01
5.790100000000000000e+04 7.158500000000000000e+03 5.054950921451419887e+00 5.027748486697384278e-01 4.028493577812641859e+06 1.713686197530478239e+00
5.790100000000000000e+04 7.163500000000000000e+03 7.790470552061326437e+00 6.643916754019841830e-01 4.028488537347376347e+06 3.161308779381215572e-01
5.790100000000000000e+04 7.168500000000000000e+03 7.356427373982870499e+00 6.350042353462241884e-01 4.028485635719819460e+06 1.054965244606137276e+00
5.790100000000000000e+04 7.173500000000000000e+03 6.540521327372817773e+00 6.060127971457779372e-01 4.028479856808680110e+06 -1.085850228555500507e+00
5.790100000000000000e+04 7.178500000000000000e+03 6.208897168281922063e+00 5.642033900317616757e-01 4.028479445206779521e+06 2.138368612620979548e+00
5.790100000000000000e+04 7.183500000000000000e+03 8.998430832567787974e+00 7.492692184162683677e-01 4.028475024630329572e+06 1.351439122110605240e+00
5.790100000000000000e+04 7.188500000000000000e+03 1.029420169879475289e+01 8.088333585163982598e-01 4.028470128754238132e+06 8.714740630239248276e-02
5.790100000000000000e+04 7.193500000000000000e+03 9.344499723408940639e+00 7.682713524762924129e-01 4.028465462040245067e+06 -9.499232983216643333e-01
5.790100000000000000e+04 7.198500000000000000e+03 1.019055021412019535e+01 8.100690730512196680e-01 4.028465491903263610e+06 2.707773965783417225e+00
5.790100000000000000e+04 7.203500000000000000e+03 6.178747985603458837e+00 5.638737308213619404e-01 4.028460534437718801e+06 1.376476452685892582e+00
5.790100000000000000e+04 7.208500000000000000e+03 7.631559981953827787e+00 6.341445492802376682e-01 4.028456387391933240e+06 8.540863506495952606e-01
5.790100000000000000e+04 7.213500000000000000e+03 8.921292212505985475e+00 7.226806871916249264e-01 4.028451193745383527e+06 -7.162517216056585312e-01
5.790100000000000000e+04 7.218500000000000000e+03 1.092150757678090578e+01 8.819443720371651363e-01 4.028449038662677165e+06 7.508035078644752502e-01
5.790100000000000000e+04 7.223500000000000000e+03 7.616374626156996896e+00 6.405999573888981891e-01 4.028444750377870630e+06 8.367452630773186684e-02
5.790100000000000000e+04 7.228500000000000000e+03 5.436179089837687606e+00 5.102053365326189027e-01 4.028440921527213883e+06 -1.248019733466207981e-01
5.790100000000000000e+04 7.233500000000000000e+03 9.801624639317941146e+00 7.519185316358739657e-01 4.028438617172631435e+06 1.190648633521050215e+00
5.790100000000000000e+04 7.238500000000000000e+03 9.134690151100025801e+00 7.323764688719293092e-01 4.028433991155625787e+06 1.840930469334125519e-01
5.790100000000000000e+04 7.243500000000000000e+03 1.080334395502025302e+01 8.107348011734520909e-01 4.028429670552068856e+06 -5.171549161896109581e-01
5.790100000000000000e+04 7.248500000000000000e+03 5.874451711985136271e+00 5.438693103451703870e-01 4.028424790827417281e+06 -1.777378866914659739e+00
5.790100000000000000e+04 7.253500000000000000e+03 6.704061703782118187e+00 5.952113486413248555e-01 4.028425492266708519e+06 2.543970399536192417e+00
5.790100000000000000e+04 7.258500000000000000e+03 3.589774494133937566e+00 4.029217289662012647e-01 4.028420600817840546e+06 1.273118427023291588e+00
5.790100000000000000e+04 7.263500000000000000e+03 8.353879187056348243e+00 7.001043497806964666e-01 4.028416134700842667e+06 4.285766137763857841e-01
5.790100000000000000e+04 7.268500000000000000e+03 8.006415047055730483e+00 6.731560203797053443e-01 4.028411252930724528e+06 -8.303346955217421055e-01
5.790100000000000000e+04 7.273500000000000000e+03 6.636553480614584721e+00 5.724439592755498074e-01 4.028409001121089328e+06 5.423176498152315617e-01
5.790100000000000000e+04 7.278500000000000000e+03 1.110472539725391350e+01 8.137091608889640559e-01 4.028405562232155818e+06 7.298278738744556904e-01
5.790100000000000000e+04 7.283500000000000000e+03 4.025660589059060435e+00 4.235370944438728857e-01 4.028401085973068140e+06 -1.177461748011410236e-01
5.790100000000000000e+04 7.288500000000000000e+03 6.268659933522191530e+00 5.725780740239798661e-01 4.028398499799550511e+06 9.274148787371814251e-01
5.790100000000000000e+04 7.293500000000000000e+03 7.917185798878272784e+00 6.478254861789454200e-01 4.028394274111936800e+06 3.360902094282209873e-01
5.790100000000000000e+04 7.298500000000000000e+03 1.215660808919486691e+01 9.163250571526523336e-01 4.028389921442352235e+06 -3.787937834858894348e-01
5.790100000000000000e+04 7.303500000000000000e+03 7.118124920713335690e+00 6.003807473103537351e-01 4.028384318198477849e+06 -2.340419466141611338e+00
5.790100000000000000e+04 7.308500000000000000e+03 5.551716786606701426e+00 5.186945021247719723e-01 4.028386204324691091e+06 3.191583419684320688e+00
5.790100000000000000e+04 7.313500000000000000e+03 5.224762364475892262e+00 4.821093534731235031e-01 4.028379559819588903e+06 1.976555134169757366e-01
5.790100000000000000e+04 7.318500000000000000e+03 7.376645695612885412e+00 6.159679842105880709e-01 4.028373876124430448e+06 -1.830303467810153961e+00
5.790100000000000000e+04 7.323500000000000000e+03 8.856791990471270637e+00 6.931711352921893221e-01 4.028370104223471601e+06 -1.940834152046591043e+00
5.790100000000000000e+04 7.328500000000000000e+03 6.928859515513807743e+00 6.001337349605350147e-01 4.028371488987640012e+06 3.111426402814686298e+00
5.790100000000000000e+04 7.333500000000000000e+03 1.054764010932358254e+01 7.864472179280906916e-01 4.028365426373721100e+06 7.229441460222005844e-01
5.790100000000000000e+04 7.338500000000000000e+03 9.380830741542098394e+00 6.904068090182016171e-01 4.028359396359816194e+06 -1.625776269007474184e+00
5.790100000000000000e+04 7.343500000000000000e+03 1.114245701720131976e+01 7.846137009435729670e-01 4.028355244640247896e+06 -2.088496332056820393e+00
5.790100000000000000e+04 7.348500000000000000e+03 7.011616051418132045e+00 5.768173082198598811e-01 4.028353803555089049e+06 1.676860968582332134e-01
5.790100000000000000e+04 7.353500000000000000e+03 1.054774003130898308e+01 7.632370138719618557e-01 4.028350164154966362e+06 2.344018355943262577e-01
5.790100000000000000e+04 7.358500000000000000e+03 6.554079945572286015e+00 5.660587675642045902e-01 4.028343908758242615e+06 -2.305432193446904421e+00
5.790100000000000000e+04 7.363500000000000000e+03 7.538699562719795466e+00 6.088114317350126203e-01 4.028339833764975425e+06 -2.654798759613186121e+00
5.790100000000000000e+04 7.368500000000000000e+03 8.705120374149384332e+00 6.814137451346465868e-01 4.028339475429448299e+06 7.231924505904316902e-01
5.790100000000000000e+04 7.373500000000000000e+03 6.170624737310976826e+00 5.705424227792140757e-01 4.028334312220232561e+06 -6.923348591662943363e-01
5.790100000000000000e+04 7.378500000000000000e+03 9.073421408699468671e+00 6.690698341702343566e-01 4.028330511184085626e+06 -7.336594522930681705e-01
5.790100000000000000e+04 7.383500000000000000e+03 7.993877415429494704e+00 6.201456717411176767e-01 4.028326178450690117e+06 -1.293957577086985111e+00
5.790100000000000000e+04 7.388500000000000000e+03 8.074499128991607932e+00 6.526566469998716924e-01 4.028326021519641858e+06 2.334984268527477980e+00
5.790100000000000000e+04 7.393500000000000000e+03 5.479425538619110192e+00 5.176198973691169547e-01 4.028321513008292764e+06 1.626517421565949917e+00
5.790100000000000000e+04 7.398500000000000000e+03 8.279972276488273053e+00 6.513418885724432394e-01 4.028315318176686764e+06 -7.533437646925449371e-01
5.790100000000000000e+04 7.403500000000000000e+03 1.137866935294939630e+01 7.592228399634994851e-01 4.028313752927400172e+06 1.512078166473656893e+00
5.790100000000000000e+04 7.408500000000000000e+03 6.182851772789533129e+00 5.259022903258482318e-01 4.028309594018026255e+06 1.200336500070989132e+00
