# Observation conducted on 2020.02.22 at Ho rev. 0 
# \Base frequency: 8400.00 MHz 
#  Format :           Modified JD   |       Time(UTC) [s]  | Signal-to-Noise ratio  |               Spectral max     |  Freq. detection [Hz]  |  Doppler noise [Hz] 
# 
5.890100000000000000e+04 6.174500000000000000e+03 1.377155882937717202e+01 8.515904870440986763e-01 4.023101879999542609e+06 -1.268391222693026066e-01
5.890100000000000000e+04 6.179500000000000000e+03 1.510095064742470505e+01 9.453497001573996084e-01 4.023098407520894427e+06 -4.266075990162789822e-01
5.890100000000000000e+04 6.184500000000000000e+03 9.378963131205724224e+00 6.232329746328191256e-01 4.023096732503271662e+06 1.069486915133893490e+00
5.890100000000000000e+04 6.189500000000000000e+03 1.197904672497403844e+01 7.858187738642566922e-01 4.023091864311940037e+06 -6.291921329684555531e-01
5.890100000000000000e+04 6.194500000000000000e+03 9.445984553369786596e+00 6.837215287562400379e-01 4.023092453931255266e+06 3.128337812144309282e+00
5.890100000000000000e+04 6.199500000000000000e+03 1.115059490814305576e+01 7.301878360350485542e-01 4.023087248562273104e+06 1.089276032056659460e+00
5.890100000000000000e+04 6.204500000000000000e+03 9.973004822536701397e+00 6.980898611362745809e-01 4.023081348954498768e+06 -1.645629722625017166e+00
5.890100000000000000e+04 6.209500000000000000e+03 9.321904760185963923e+00 6.314458315084643392e-01 4.023080299448721111e+06 4.679596060886979103e-01
5.890100000000000000e+04 6.214500000000000000e+03 1.522447108293704687e+01 9.393929190347497515e-01 4.023076938883855473e+06 2.688812250271439552e-01
5.890100000000000000e+04 6.219500000000000000e+03 1.000637713901133452e+01 7.345719780096716667e-01 4.023072211229167413e+06 -1.298897286411374807e+00
5.890100000000000000e+04 6.224500000000000000e+03 1.226101178503778222e+01 7.753567342542724283e-01 4.023070422531282995e+06 7.066903216764330864e-02
5.890100000000000000e+04 6.229500000000000000e+03 1.599740371216060453e+01 9.335060121214777684e-01 4.023066437709232792e+06 -7.575024305842816830e-01
5.890100000000000000e+04 6.234500000000000000e+03 1.190410226106672553e+01 8.289614240204359330e-01 4.023062534865954891e+06 -1.505310354754328728e+00
5.890100000000000000e+04 6.239500000000000000e+03 1.150981381218667288e+01 8.061640183506461055e-01 4.023061542526086792e+06 6.557682980783283710e-01
5.890100000000000000e+04 6.244500000000000000e+03 1.170327507830670655e+01 7.457525461552332313e-01 4.023056767776285764e+06 -9.671813906170427799e-01
5.890100000000000000e+04 6.249500000000000000e+03 8.833776038494974614e+00 6.242876760391617985e-01 4.023052063875489403e+06 -2.520902035292237997e+00
5.890100000000000000e+04 6.254500000000000000e+03 1.135436815540648681e+01 7.469447109505222837e-01 4.023051451678320300e+06 1.545945275574922562e-02
5.890100000000000000e+04 6.259500000000000000e+03 1.243851736887368453e+01 7.673971193680309000e-01 4.023048297337060794e+06 8.053849451243877411e-03
5.890100000000000000e+04 6.264500000000000000e+03 1.680952366810320342e+01 8.405643524956224466e-01 4.023047267986549065e+06 2.124014503788203001e+00
5.890100000000000000e+04 6.269500000000000000e+03 1.170625420171366216e+01 7.352546812100895224e-01 4.023041330654717982e+06 -6.696321158669888973e-01
5.890100000000000000e+04 6.274500000000000000e+03 1.378940492717486421e+01 8.659900509973443850e-01 4.023040473863983527e+06 1.615634962916374207e+00
5.890100000000000000e+04 6.279500000000000000e+03 1.610589734286144292e+01 9.638168054210751734e-01 4.023036290512682404e+06 5.727126556448638439e-01
5.890100000000000000e+04 6.284500000000000000e+03 1.121697741405090909e+01 6.947373794178076656e-01 4.023031548553157132e+06 -1.030448092613369226e+00
5.890100000000000000e+04 6.289500000000000000e+03 9.533778545990630349e+00 6.471659902766199179e-01 4.023027826745586470e+06 -1.615088483318686485e+00
5.890100000000000000e+04 6.294500000000000000e+03 6.820512348701123884e+00 5.412510817089968285e-01 4.023025492567735724e+06 -8.137321043759584427e-01
5.890100000000000000e+04 6.299500000000000000e+03 1.209143356477356690e+01 7.535201932784519885e-01 4.023021787485679146e+06 -1.384914216585457325e+00
5.890100000000000000e+04 6.304500000000000000e+03 6.369783109893480066e+00 5.616148157309628353e-01 4.023021042233064305e+06 1.002097516320645809e+00
5.890100000000000000e+04 6.309500000000000000e+03 1.118861499281408456e+01 7.313482586579170830e-01 4.023016952764448244e+06 4.325636196881532669e-02
5.890100000000000000e+04 6.314500000000000000e+03 1.053702229390021294e+01 7.179214101374159496e-01 4.023013220676637720e+06 -5.598421408794820309e-01
5.890100000000000000e+04 6.319500000000000000e+03 1.157124624011252578e+01 7.640163036816155495e-01 4.023011751720753033e+06 1.098551880568265915e+00
5.890100000000000000e+04 6.324500000000000000e+03 1.214527082949401660e+01 7.893664983836350402e-01 4.023006643868840300e+06 -8.835907513275742531e-01
5.890100000000000000e+04 6.329500000000000000e+03 9.004660505361332667e+00 6.151454478569956530e-01 4.023005633305703755e+06 1.229913566261529922e+00
5.890100000000000000e+04 6.334500000000000000e+03 1.046307309069745983e+01 7.413672956610737330e-01 4.023002155281497166e+06 8.743138033896684647e-01
5.890100000000000000e+04 6.339500000000000000e+03 1.186302169766122994e+01 7.603099724146564764e-01 4.022996761633203831e+06 -1.398554213810712099e+00
5.890100000000000000e+04 6.344500000000000000e+03 6.878915262900777705e+00 5.502716004631611479e-01 4.022995382916909643e+06 3.418644610792398453e-01
5.890100000000000000e+04 6.349500000000000000e+03 1.062130232550130771e+01 7.243313013252229426e-01 4.022992228065689560e+06 3.045017872937023640e-01
5.890100000000000000e+04 6.354500000000000000e+03 1.197505874674934034e+01 7.593438681295434645e-01 4.022987705125889275e+06 -1.102596982382237911e+00
5.890100000000000000e+04 6.359500000000000000e+03 8.488898910854176805e+00 5.960339040790144649e-01 4.022986169857425615e+06 4.763269932009279728e-01
5.890100000000000000e+04 6.364500000000000000e+03 1.189608851798387690e+01 7.800818060342895599e-01 4.022982324204674922e+06 -2.567829592153429985e-01
5.890100000000000000e+04 6.369500000000000000e+03 1.028203868108860064e+01 7.258845732277355856e-01 4.022981203357495833e+06 1.733261988963931799e+00
5.890100000000000000e+04 6.374500000000000000e+03 1.211385076901128777e+01 7.462346446572978298e-01 4.022976552901819348e+06 1.920467596501111984e-01
5.890100000000000000e+04 6.379500000000000000e+03 1.160630210011003527e+01 6.962155618850257577e-01 4.022970967828709632e+06 -2.285438568796962500e+00
5.890100000000000000e+04 6.384500000000000000e+03 6.642251825927885989e+00 5.199227078149333270e-01 4.022970092865378130e+06 -5.446775071322917938e-02
5.890100000000000000e+04 6.389500000000000000e+03 1.448443551903461568e+01 7.869289529005942807e-01 4.022967730758012272e+06 6.877044560387730598e-01
5.890100000000000000e+04 6.394500000000000000e+03 6.101194656036019737e+00 5.067863945306457785e-01 4.022960966060393956e+06 -2.974369085859507322e+00
5.890100000000000000e+04 6.399500000000000000e+03 1.050160874657458088e+01 6.518856981987555255e-01 4.022961765136780683e+06 9.256749758496880531e-01
5.890100000000000000e+04 6.404500000000000000e+03 1.203130916898333069e+01 8.215563185919517730e-01 4.022957502218842041e+06 -2.379325665533542633e-01
5.890100000000000000e+04 6.409500000000000000e+03 7.902437749293411251e+00 6.011274405931582576e-01 4.022956474991657306e+06 1.832492506597191095e+00
5.890100000000000000e+04 6.414500000000000000e+03 1.016843136143433313e+01 6.664075420420284557e-01 4.022951682294219732e+06 1.357883522287011147e-01
5.890100000000000000e+04 6.419500000000000000e+03 1.041875686493167308e+01 6.855920223793907642e-01 4.022947389877503738e+06 -1.062294871546328068e+00
5.890100000000000000e+04 6.424500000000000000e+03 1.526601689773982073e+01 9.078509853171311539e-01 4.022946983139212243e+06 1.623639743309468031e+00
5.890100000000000000e+04 6.429500000000000000e+03 1.006269307194158458e+01 6.939708563313021772e-01 4.022942800763346720e+06 5.322754262015223503e-01
5.890100000000000000e+04 6.434500000000000000e+03 9.556943119697070443e+00 6.830882551707895267e-01 4.022937433665256016e+06 -1.745473228394985199e+00
5.890100000000000000e+04 6.439500000000000000e+03 1.381767624523993909e+01 9.014724763414930786e-01 4.022936805595229380e+06 7.141433395445346832e-01
5.890100000000000000e+04 6.444500000000000000e+03 7.976989402554437447e+00 6.128999704268157656e-01 4.022932749151113909e+06 -2.562777334824204445e-01
5.890100000000000000e+04 6.449500000000000000e+03 1.032296543655535359e+01 7.026369570460880842e-01 4.022931172376944683e+06 1.251306899823248386e+00
5.890100000000000000e+04 6.454500000000000000e+03 9.526767940642789867e+00 6.480504461415654838e-01 4.022926710475850850e+06 -1.279003014788031578e-01
5.890100000000000000e+04 6.459500000000000000e+03 9.214145799868552089e+00 6.078715021785212613e-01 4.022922243028363213e+06 -1.514319450128823519e+00
5.890100000000000000e+04 6.464500000000000000e+03 6.221498154461212238e+00 5.131359748944065435e-01 4.022921704376320820e+06 1.026390666607767344e+00
5.890100000000000000e+04 6.469500000000000000e+03 1.329970317129756729e+01 8.166971224132772988e-01 4.022917124972840771e+06 -4.753174395300447941e-01
5.890100000000000000e+04 6.474500000000000000e+03 8.363618810003027093e+00 5.968539230807580198e-01 4.022917047965318430e+06 2.523703045211732388e+00
5.890100000000000000e+04 6.479500000000000000e+03 1.132040426062221883e+01 7.510134894352809010e-01 4.022912580129275564e+06 1.130227077752351761e+00
5.890100000000000000e+04 6.484500000000000000e+03 1.078534806921405931e+01 7.313569771442438583e-01 4.022907538867334835e+06 -8.383432589471340179e-01
5.890100000000000000e+04 6.489500000000000000e+03 1.161186343942718402e+01 7.052638196889801092e-01 4.022906071242229082e+06 7.650542473420500755e-01
5.890100000000000000e+04 6.494500000000000000e+03 1.002966600861144109e+01 7.037861179479251161e-01 4.022901955186653882e+06 -2.816482069902122021e-01
5.890100000000000000e+04 6.499500000000000000e+03 7.948213005691206590e+00 6.083816859503724528e-01 4.022896670095377602e+06 -2.499056334141641855e+00
5.890100000000000000e+04 6.504500000000000000e+03 9.711965589403577681e+00 6.530784682214961778e-01 4.022896797818747349e+06 6.946797580458223820e-01
5.890100000000000000e+04 6.509500000000000000e+03 1.142666503169016501e+01 6.765409286114135723e-01 4.022891996024533641e+06 -1.042772599961608648e+00
5.890100000000000000e+04 6.514500000000000000e+03 9.710659490238851888e+00 6.775415203123774655e-01 4.022890570658530109e+06 5.945319719612598419e-01
5.890100000000000000e+04 6.519500000000000000e+03 9.118748304373665903e+00 6.466716772405858293e-01 4.022887054616145324e+06 1.394884856417775154e-01
5.890100000000000000e+04 6.524500000000000000e+03 6.257652191138939557e+00 4.873071228115146702e-01 4.022882617383610923e+06 -1.238417201675474644e+00
5.890100000000000000e+04 6.529500000000000000e+03 1.066178135253685610e+01 6.670766097801843486e-01 4.022881059387539048e+06 2.612411687150597572e-01
5.890100000000000000e+04 6.534500000000000000e+03 8.824496336555053944e+00 5.812279959775774607e-01 4.022876880024984013e+06 -8.621396822854876518e-01
5.890100000000000000e+04 6.539500000000000000e+03 8.210525890575652852e+00 5.808853466247367869e-01 4.022876508410423994e+06 1.820554410107433796e+00
5.890100000000000000e+04 6.544500000000000000e+03 8.326233030533330748e+00 5.963219500758518699e-01 4.022871411433215253e+06 -2.237874874845147133e-01
5.890100000000000000e+04 6.549500000000000000e+03 1.160397261180934336e+01 7.541454510375916742e-01 4.022867608153445181e+06 -9.761055600829422474e-01
5.890100000000000000e+04 6.554500000000000000e+03 9.043434501046991869e+00 6.033992611857069699e-01 4.022866417666723486e+06 8.826955519616603851e-01
5.890100000000000000e+04 6.559500000000000000e+03 1.077579650681344425e+01 6.804746896570543768e-01 4.022861622635153122e+06 -8.647222793661057949e-01
5.890100000000000000e+04 6.564500000000000000e+03 7.429550204589193463e+00 5.429561342316256978e-01 4.022860398567885626e+06 9.571498893201351166e-01
5.890100000000000000e+04 6.569500000000000000e+03 1.248889300044270279e+01 7.964222112180557867e-01 4.022857114823669661e+06 7.176706166937947273e-01
5.890100000000000000e+04 6.574500000000000000e+03 1.021312164453750171e+01 6.761698862288657574e-01 4.022850997194015421e+06 -2.357368753757327795e+00
5.890100000000000000e+04 6.579500000000000000e+03 1.138084873099669458e+01 6.943299556359625591e-01 4.022851407470864244e+06 1.093823571223765612e+00
5.890100000000000000e+04 6.584500000000000000e+03 6.557147565399175093e+00 5.216690970785325954e-01 4.022846978659979999e+06 -2.957467730157077312e-01
5.890100000000000000e+04 6.589500000000000000e+03 6.376965495202496115e+00 5.230140124190313378e-01 4.022841885860430542e+06 -2.350980824790894985e+00
5.890100000000000000e+04 6.594500000000000000e+03 8.857268076066436180e+00 6.387656170617835860e-01 4.022841566842117812e+06 3.658912316896021366e-01
5.890100000000000000e+04 6.599500000000000000e+03 8.925214980535457698e+00 6.359662935841908782e-01 4.022836963550670538e+06 -1.203185040503740311e+00
5.890100000000000000e+04 6.604500000000000000e+03 8.302272083579753215e+00 5.602692141677894089e-01 4.022835805009566713e+06 6.708137900568544865e-01
5.890100000000000000e+04 6.609500000000000000e+03 7.548341509693352158e+00 5.772160521518509002e-01 4.022831587686890271e+06 -5.156442183069884777e-01
5.890100000000000000e+04 6.614500000000000000e+03 1.145917359779965494e+01 7.285000694439548452e-01 4.022827024068645667e+06 -2.050073064398020506e+00
5.890100000000000000e+04 6.619500000000000000e+03 1.098036659968185269e+01 7.210289777603787753e-01 4.022825674406964798e+06 -3.722206018865108490e-01
5.890100000000000000e+04 6.624500000000000000e+03 9.480572723729489226e+00 6.026381147813250072e-01 4.022822047202334739e+06 -9.735863087698817253e-01
5.890100000000000000e+04 6.629500000000000000e+03 8.928924227704241545e+00 6.195503052131917654e-01 4.022820722314406186e+06 7.256895215250551701e-01
5.890100000000000000e+04 6.634500000000000000e+03 1.799156388160727360e+01 1.000000000000000000e+00 4.022816560940770898e+06 -4.131954428739845753e-01
5.890100000000000000e+04 6.639500000000000000e+03 7.909523375983854798e+00 5.400387477268424608e-01 4.022811917048846837e+06 -2.036273687146604061e+00
5.890100000000000000e+04 6.644500000000000000e+03 7.529497092595477170e+00 5.431226834861397901e-01 4.022810999647805467e+06 6.546407658606767654e-02
5.890100000000000000e+04 6.649500000000000000e+03 6.666031985029420959e+00 5.415754783374843173e-01 4.022807707971661817e+06 -2.087480006739497185e-01
5.890100000000000000e+04 6.654500000000000000e+03 6.260671889053272210e+00 5.091446939090592538e-01 4.022806235931353178e+06 1.335001174360513687e+00
5.890100000000000000e+04 6.659500000000000000e+03 7.906423637260722614e+00 6.092875581232510829e-01 4.022801732820258942e+06 -1.539948405697941780e-01
5.890100000000000000e+04 6.664500000000000000e+03 9.623502020132875145e+00 6.484119678245406915e-01 4.022797435702198185e+06 -1.438672029413282871e+00
5.890100000000000000e+04 6.669500000000000000e+03 6.700782343616238812e+00 5.473565077764805942e-01 4.022795865195730235e+06 1.588382758200168610e-03
5.890100000000000000e+04 6.674500000000000000e+03 1.181473451468679059e+01 7.453912848667527680e-01 4.022792845710815396e+06 -8.803405798971652985e-03
5.890100000000000000e+04 6.679500000000000000e+03 1.012863366031527335e+01 6.427048587326477103e-01 4.022790847241659183e+06 1.000147066079080105e+00
5.890100000000000000e+04 6.684500000000000000e+03 8.297767321158826093e+00 5.819974388525006592e-01 4.022786108099587262e+06 -7.332485970109701157e-01
5.890100000000000000e+04 6.689500000000000000e+03 9.716335866229668383e+00 6.908175701932208757e-01 4.022781793291347101e+06 -2.043983351904898882e+00
5.890100000000000000e+04 6.694500000000000000e+03 1.247727233395631430e+01 7.371069891311113897e-01 4.022781982452224474e+06 1.147578403819352388e+00
5.890100000000000000e+04 6.699500000000000000e+03 6.940346659679906161e+00 5.011413837096968527e-01 4.022777395914839581e+06 -4.382303715683519840e-01
5.890100000000000000e+04 6.704500000000000000e+03 1.005464571893463699e+01 6.754816105410655913e-01 4.022776301074930467e+06 1.465986414812505245e+00
5.890100000000000000e+04 6.709500000000000000e+03 1.390996472267557316e+01 8.330530420520930734e-01 4.022771481240015943e+06 -3.564633405767381191e-01
5.890100000000000000e+04 6.714500000000000000e+03 7.938883145698186539e+00 5.606437320610330177e-01 4.022767464798489120e+06 -1.377190848346799612e+00
5.890100000000000000e+04 6.719500000000000000e+03 1.013803896884614453e+01 6.243339853980515164e-01 4.022766714215822518e+06 8.662697803229093552e-01
5.890100000000000000e+04 6.724500000000000000e+03 8.958238769936947676e+00 6.428464266053071086e-01 4.022761899753977079e+06 -9.558190591633319855e-01
5.890100000000000000e+04 6.729500000000000000e+03 7.050932266930037606e+00 5.549806718512653170e-01 4.022761603079547174e+06 1.738209683913737535e+00
5.890100000000000000e+04 6.734500000000000000e+03 1.230472641159617453e+01 7.063853178398463717e-01 4.022757670721233357e+06 7.948851869441568851e-01
5.890100000000000000e+04 6.739500000000000000e+03 1.129191356039216743e+01 7.525165088387699708e-01 4.022756502334673423e+06 2.613863581325858831e+00
5.890100000000000000e+04 6.744500000000000000e+03 7.693982998985105404e+00 5.197397494167353971e-01 4.022751294966843445e+06 3.921923581510782242e-01
5.890100000000000000e+04 6.749500000000000000e+03 8.281278116858153737e+00 6.349961686697455088e-01 4.022746399882565252e+06 -1.518863126635551453e+00
5.890100000000000000e+04 6.754500000000000000e+03 9.808807601350279626e+00 6.664751248263363070e-01 4.022746143682989758e+06 1.207298832945525646e+00
5.890100000000000000e+04 6.759500000000000000e+03 1.366480769816530128e+01 8.462946293598619940e-01 4.022741169960485306e+06 -7.857288224622607231e-01
5.890100000000000000e+04 6.764500000000000000e+03 8.201536815736909958e+00 5.989693466046552839e-01 4.022740818290819880e+06 1.841630270238965750e+00
5.890100000000000000e+04 6.769500000000000000e+03 8.797990883026969300e+00 6.090339819215857542e-01 4.022735654380217195e+06 -3.449170542880892754e-01
5.890100000000000000e+04 6.774500000000000000e+03 9.141879082015085700e+00 6.424030722070208643e-01 4.022731064919218887e+06 -1.958679621573537588e+00
5.890100000000000000e+04 6.779500000000000000e+03 1.257035964733147360e+01 7.589278606754941148e-01 4.022731533514183946e+06 1.483949579764157534e+00
5.890100000000000000e+04 6.784500000000000000e+03 1.119139739791520149e+01 7.489843100216293514e-01 4.022728426617476158e+06 1.349423584528267384e+00
5.890100000000000000e+04 6.789500000000000000e+03 1.035430854587143834e+01 7.127263951407687426e-01 4.022723341265255585e+06 -7.652207566425204277e-01
5.890100000000000000e+04 6.794500000000000000e+03 8.671737977889742766e+00 6.380618899502483732e-01 4.022721775520127732e+06 6.380798723548650742e-01
5.890100000000000000e+04 6.799500000000000000e+03 1.147756595494567478e+01 7.103154190964727777e-01 4.022717026551749092e+06 -1.143504141364246607e+00
5.890100000000000000e+04 6.804500000000000000e+03 9.609738557949460969e+00 6.445189687129316836e-01 4.022715321624198928e+06 1.172920283861458302e-01
5.890100000000000000e+04 6.809500000000000000e+03 8.107618087044228261e+00 6.028291069035295324e-01 4.022711217196709942e+06 -1.023071615956723690e+00
5.890100000000000000e+04 6.814500000000000000e+03 7.111863434900993042e+00 5.510474924610626601e-01 4.022710391998451203e+06 1.114134881179779768e+00
5.890100000000000000e+04 6.819500000000000000e+03 1.183666944091619655e+01 7.424604325373137526e-01 4.022705962241050322e+06 -3.548760432749986649e-01
5.890100000000000000e+04 6.824500000000000000e+03 6.743766262521717181e+00 5.268793881841943305e-01 4.022703347578291781e+06 -1.044978061690926552e-02
5.890100000000000000e+04 6.829500000000000000e+03 1.203502346704348547e+01 7.602091181832708600e-01 4.022702153901440557e+06 1.753305781167000532e+00
5.890100000000000000e+04 6.834500000000000000e+03 1.192685326481328190e+01 7.701231406173844052e-01 4.022696198866466526e+06 -1.245952525176107883e+00
5.890100000000000000e+04 6.839500000000000000e+03 8.507133038241169842e+00 6.182963571597990260e-01 4.022696479697249830e+06 1.989000066649168730e+00
5.890100000000000000e+04 6.844500000000000000e+03 1.670059782001091619e+01 9.608352681848078003e-01 4.022691754083600827e+06 2.158542694523930550e-01
5.890100000000000000e+04 6.849500000000000000e+03 8.309252131758007920e+00 5.894936915835438107e-01 4.022686312047293410e+06 -2.275367220863699913e+00
5.890100000000000000e+04 6.854500000000000000e+03 1.138370745676855478e+01 7.367871396690189867e-01 4.022688419437619857e+06 2.781185830011963844e+00
5.890100000000000000e+04 6.859500000000000000e+03 8.541277773733705558e+00 6.267538652125030918e-01 4.022682345563331619e+06 -3.451768667437136173e-01
5.890100000000000000e+04 6.864500000000000000e+03 9.394175253108526746e+00 6.370288347479496904e-01 4.022679845329944510e+06 1.004511853680014610e-01
5.890100000000000000e+04 6.869500000000000000e+03 1.215529080416058605e+01 7.796026103375446326e-01 4.022676977776105981e+06 1.771096331067383289e-01
5.890100000000000000e+04 6.874500000000000000e+03 8.931570917468333093e+00 6.151567246949419809e-01 4.022676167635703925e+06 2.309533381834626198e+00
5.890100000000000000e+04 6.879500000000000000e+03 8.321764232401568151e+00 5.830412568531424533e-01 4.022671773001442198e+06 8.558161701075732708e-01
5.890100000000000000e+04 6.884500000000000000e+03 1.061882796782307281e+01 7.296425456482570349e-01 4.022666492115570232e+06 -1.485798693727701902e+00
5.890100000000000000e+04 6.889500000000000000e+03 9.666571968450330843e+00 7.083439454308725347e-01 4.022666743793039117e+06 1.703504814766347408e+00
5.890100000000000000e+04 6.894500000000000000e+03 8.023261011220728989e+00 5.859365376102727563e-01 4.022660927113343962e+06 -1.177192714996635914e+00
5.890100000000000000e+04 6.899500000000000000e+03 7.159394666544622865e+00 5.506483032660562937e-01 4.022660951880723238e+06 1.781914067920297384e+00
5.890100000000000000e+04 6.904500000000000000e+03 1.119878137524639605e+01 7.084465577875297404e-01 4.022655942805260420e+06 -2.944636233150959015e-01
5.890100000000000000e+04 6.909500000000000000e+03 7.813010546397834766e+00 5.832089606469982312e-01 4.022651270412835758e+06 -2.035798754543066025e+00
5.890100000000000000e+04 6.914500000000000000e+03 5.432131728075568766e+00 4.874969653929215330e-01 4.022649939093178138e+06 -4.377004299312829971e-01
5.890100000000000000e+04 6.919500000000000000e+03 7.165181581443190950e+00 5.708498677319192582e-01 4.022644817174850032e+06 -2.631838897708803415e+00
5.890100000000000000e+04 6.924500000000000000e+03 8.101372383335982974e+00 6.119981395891285203e-01 4.022646559236591682e+06 2.036365787964314222e+00
5.890100000000000000e+04 6.929500000000000000e+03 8.457418931743733381e+00 5.911039200278632721e-01 4.022641403501181863e+06 -1.948623675853013992e-01
5.890100000000000000e+04 6.934500000000000000e+03 1.023556929561374140e+01 6.881081928835797168e-01 4.022636145150674041e+06 -2.530340066179633141e+00
5.890100000000000000e+04 6.939500000000000000e+03 1.241506854193756659e+01 7.917893124610211331e-01 4.022637393703424837e+06 1.639452310744673014e+00
5.890100000000000000e+04 6.944500000000000000e+03 9.502484363392952105e+00 6.419907954588752741e-01 4.022631569107910618e+06 -1.265535477548837662e+00
5.890100000000000000e+04 6.949500000000000000e+03 7.522245144869811107e+00 5.576234303829653571e-01 4.022631304335672408e+06 1.387669410090893507e+00
5.890100000000000000e+04 6.954500000000000000e+03 8.560080272106702637e+00 5.957233827178263219e-01 4.022624940426150337e+06 -2.059892267454415560e+00
5.890100000000000000e+04 6.959500000000000000e+03 1.457661560178387639e+01 8.785119340737569393e-01 4.022623288504661992e+06 -7.970938538201153278e-01
5.890100000000000000e+04 6.964500000000000000e+03 1.133793560348566842e+01 7.218326525110634329e-01 4.022620925830455963e+06 -2.466747448779642582e-01
5.890100000000000000e+04 6.969500000000000000e+03 1.104234388523837396e+01 7.360861891138309465e-01 4.022617392335895915e+06 -8.687012023292481899e-01
5.890100000000000000e+04 6.974500000000000000e+03 1.083465850481877801e+01 7.181734502150186605e-01 4.022616625643035397e+06 1.274450221564620733e+00
5.890100000000000000e+04 6.979500000000000000e+03 1.149908045784738420e+01 7.495816346071001446e-01 4.022611961931222118e+06 -4.810397140681743622e-01
5.890100000000000000e+04 6.984500000000000000e+03 8.753918660797594953e+00 6.022427003726744665e-01 4.022606562618352007e+06 -2.973751682322472334e+00
5.890100000000000000e+04 6.989500000000000000e+03 1.026425590999459381e+01 6.996658598624020398e-01 4.022606505532313604e+06 -1.258563455194234848e-01
5.890100000000000000e+04 6.994500000000000000e+03 9.363421393395325865e+00 6.244651131190226412e-01 4.022601315342955757e+06 -2.412682388443499804e+00
5.890100000000000000e+04 6.999500000000000000e+03 1.267302305745648816e+01 8.666452473069736762e-01 4.022601077960561961e+06 2.516819597221910954e-01
5.890100000000000000e+04 7.004500000000000000e+03 1.116579040432145753e+01 7.409249058528661891e-01 4.022598142624405678e+06 2.164774760603904724e-01
5.890100000000000000e+04 7.009500000000000000e+03 1.243672412947181627e+01 7.876976354448420592e-01 4.022597407660246827e+06 2.380031442269682884e+00
5.890100000000000000e+04 7.014500000000000000e+03 1.316009795707180174e+01 7.997849524970417345e-01 4.022592910126395989e+06 7.794037102721631527e-01
5.890100000000000000e+04 7.019500000000000000e+03 9.407507613089460818e+00 6.805544271318965110e-01 4.022587805133718066e+06 -1.430293294601142406e+00
5.890100000000000000e+04 7.024500000000000000e+03 1.317906735528805129e+01 8.186120602453467177e-01 4.022587176865960937e+06 8.351257522590458393e-01
5.890100000000000000e+04 7.029500000000000000e+03 8.873643869340357426e+00 5.999315003925287382e-01 4.022582101420904975e+06 -1.348239772953093052e+00
5.890100000000000000e+04 7.034500000000000000e+03 1.150855860763118521e+01 7.885404889734556333e-01 4.022580645301882178e+06 8.611507574096322060e-02
5.890100000000000000e+04 7.039500000000000000e+03 1.077958747482038682e+01 7.367042121531409693e-01 4.022577257694289088e+06 -4.126226734369993210e-01
5.890100000000000000e+04 7.044500000000000000e+03 9.358945316068899345e+00 6.309184183527462020e-01 4.022576288253230043e+06 1.505203736480325460e+00
5.890100000000000000e+04 7.049500000000000000e+03 8.626996376372746411e+00 6.188590155394486647e-01 4.022570614684922155e+06 -1.282697810325771570e+00
5.890100000000000000e+04 7.054500000000000000e+03 9.230899093395905197e+00 6.374651400401692980e-01 4.022567546854874585e+06 -1.466460117604583502e+00
5.890100000000000000e+04 7.059500000000000000e+03 1.121001956880269113e+01 7.989341880888003455e-01 4.022566806284053251e+06 6.754394853487610817e-01
5.890100000000000000e+04 7.064500000000000000e+03 1.002483491780713543e+01 7.055722161905125800e-01 4.022562016627668403e+06 -1.233342066872864962e+00
5.890100000000000000e+04 7.069500000000000000e+03 1.006159524102027802e+01 6.997729890887171011e-01 4.022562428566041403e+06 2.057877287268638611e+00
5.890100000000000000e+04 7.074500000000000000e+03 9.053792024976729635e+00 5.920548097147821931e-01 4.022555778197194450e+06 -1.714802670758217573e+00
5.890100000000000000e+04 7.079500000000000000e+03 8.313003110742014812e+00 6.366932776002207639e-01 4.022556591500420123e+06 1.974599129054695368e+00
5.890100000000000000e+04 7.084500000000000000e+03 8.067982417933121653e+00 5.549732973700416405e-01 4.022550687075134832e+06 -1.055316102225333452e+00
5.890100000000000000e+04 7.089500000000000000e+03 1.115623321414838998e+01 7.833486674436938024e-01 4.022547291298312601e+06 -1.578169576358050108e+00
5.890100000000000000e+04 7.094500000000000000e+03 1.494790656714994981e+01 9.374352097594759181e-01 4.022546780316558201e+06 7.821871428750455379e-01
5.890100000000000000e+04 7.099500000000000000e+03 4.606576333369933884e+00 4.387664810388878789e-01 4.022541625655398238e+06 -1.502718570176512003e+00
5.890100000000000000e+04 7.104500000000000000e+03 1.185033044457454210e+01 8.032671658889558586e-01 4.022540819945675787e+06 5.597459953278303146e-01
5.890100000000000000e+04 7.109500000000000000e+03 9.197136637185421293e+00 6.682298788689932101e-01 4.022535830127537251e+06 -1.563477129675447941e+00
5.890100000000000000e+04 7.114500000000000000e+03 7.639364322742517643e+00 6.242817712145173337e-01 4.022536078705867287e+06 1.550118843559175730e+00
5.890100000000000000e+04 7.119500000000000000e+03 1.142527683702331487e+01 7.420278600433020122e-01 4.022531350935719442e+06 -3.142091119661927223e-01
5.890100000000000000e+04 7.124500000000000000e+03 9.081501908702046322e+00 6.431750575648061963e-01 4.022526949707919266e+06 -1.853568232618272305e+00
5.890100000000000000e+04 7.129500000000000000e+03 9.548170409075416032e+00 7.263063172528083644e-01 4.022526353213739581e+06 4.102347111329436302e-01
5.890100000000000000e+04 7.134500000000000000e+03 1.506205023028263845e+01 8.297613845965085000e-01 4.022522932377569377e+06 -1.518739168532192707e-01
5.890100000000000000e+04 7.139500000000000000e+03 9.471445993396047314e+00 6.486414761716664534e-01 4.022521263276225887e+06 1.036184690892696381e+00
5.890100000000000000e+04 7.144500000000000000e+03 1.345271071390753193e+01 8.251888878148923023e-01 4.022516168325306848e+06 -1.203171857632696629e+00
5.890100000000000000e+04 7.149500000000000000e+03 5.294841527711609430e+00 4.930802670062263693e-01 4.022516044827178586e+06 1.527360830456018448e+00
5.890100000000000000e+04 7.154500000000000000e+03 6.605895300313648910e+00 5.299754390030846363e-01 4.022510779337709304e+06 -8.856593319214880466e-01
5.890100000000000000e+04 7.159500000000000000e+03 9.895485388723519904e+00 6.797051961838768142e-01 4.022507588294513524e+06 -1.225792666897177696e+00
5.890100000000000000e+04 7.164500000000000000e+03 1.070711949929547302e+01 6.842158042897215076e-01 4.022505984167173039e+06 1.943248603492975235e-02
5.890100000000000000e+04 7.169500000000000000e+03 8.081972616441806423e+00 6.158486349019919315e-01 4.022502016913182102e+06 -1.100024281535297632e+00
5.890100000000000000e+04 7.174500000000000000e+03 1.328027390568331434e+01 8.104945223566343282e-01 4.022500972216527909e+06 7.015231344848871231e-01
5.890100000000000000e+04 7.179500000000000000e+03 8.511925034287090241e+00 6.085247781914363552e-01 4.022496556552993134e+06 -8.694473518989980221e-01
5.890100000000000000e+04 7.184500000000000000e+03 7.933031947488689894e+00 6.038228501530685799e-01 4.022495238261031918e+06 6.554048638790845871e-01
5.890100000000000000e+04 7.189500000000000000e+03 5.757578216042936070e+00 4.861238550260908453e-01 4.022490797579884063e+06 -9.436788102611899376e-01
5.890100000000000000e+04 7.194500000000000000e+03 6.861444303919052246e+00 5.563288631495403314e-01 4.022491082358272746e+06 2.181152533274143934e+00
5.890100000000000000e+04 7.199500000000000000e+03 1.193376100447986765e+01 7.478221732987023751e-01 4.022486625683583785e+06 5.629884828813374043e-01
5.890100000000000000e+04 7.204500000000000000e+03 7.222104799272235809e+00 5.584357501719543482e-01 4.022482330997133162e+06 -8.947274251841008663e-01
5.890100000000000000e+04 7.209500000000000000e+03 8.519740549857868217e+00 6.234935083405384049e-01 4.022480836944130249e+06 4.466522559523582458e-01
5.890100000000000000e+04 7.214500000000000000e+03 6.924615904607842154e+00 5.557404150386742181e-01 4.022476584215013776e+06 -9.721797811798751354e-01
5.890100000000000000e+04 7.219500000000000000e+03 9.119911217465924480e+00 6.250839164696289085e-01 4.022476369444794022e+06 1.645413747988641262e+00
5.890100000000000000e+04 7.224500000000000000e+03 1.214907011918023727e+01 7.792326300040101072e-01 4.022471129877561238e+06 -7.633207798935472965e-01
5.890100000000000000e+04 7.229500000000000000e+03 7.614503031703484304e+00 5.565891801606216438e-01 4.022470556653618347e+06 1.492759247310459614e+00
5.890100000000000000e+04 7.234500000000000000e+03 1.207924899259149676e+01 7.256927957839224286e-01 4.022466619187898934e+06 3.830710859037935734e-01
5.890100000000000000e+04 7.239500000000000000e+03 7.215008535696177283e+00 5.786810206619726893e-01 4.022462274269021582e+06 -1.135594305582344532e+00
5.890100000000000000e+04 7.244500000000000000e+03 9.222063721936246239e+00 6.338842715233021785e-01 4.022462035175966099e+06 1.450044413562864065e+00
5.890100000000000000e+04 7.249500000000000000e+03 8.912240168050404421e+00 6.445813783977029088e-01 4.022458122806240804e+06 3.608871251344680786e-01
5.890100000000000000e+04 7.254500000000000000e+03 1.122240622371132268e+01 7.461610114213220735e-01 4.022456643668025732e+06 1.703444403596222401e+00
5.890100000000000000e+04 7.259500000000000000e+03 1.024980966462228515e+01 6.707793915595210432e-01 4.022451998423914891e+06 -1.216187491081655025e-01
5.890100000000000000e+04 7.264500000000000000e+03 8.800455238502697952e+00 6.374633983208929378e-01 4.022452160989151802e+06 2.859615339897572994e+00
5.890100000000000000e+04 7.269500000000000000e+03 9.947793787441499447e+00 6.488928946723182545e-01 4.022445526825349778e+06 -9.573892736807465553e-01
5.890100000000000000e+04 7.274500000000000000e+03 8.506502829754321482e+00 6.057726025385286039e-01 4.022442136599186342e+06 -1.531963450834155083e+00
5.890100000000000000e+04 7.279500000000000000e+03 8.897247926673067298e+00 6.222232046598110689e-01 4.022440584246551618e+06 -2.701688236556947231e-01
5.890100000000000000e+04 7.284500000000000000e+03 7.330256438265309704e+00 5.530028502703113746e-01 4.022436174602312502e+06 -1.867168029770255089e+00
5.890100000000000000e+04 7.289500000000000000e+03 1.062652334935797960e+01 6.942583956501565678e-01 4.022436171168830246e+06 9.405438057146966457e-01
5.890100000000000000e+04 7.294500000000000000e+03 7.326868204435385223e+00 5.643690246894583762e-01 4.022432366785475519e+06 -5.419141892343759537e-02
5.890100000000000000e+04 7.299500000000000000e+03 6.421436161450188251e+00 5.049862664093166531e-01 4.022430431803224608e+06 8.189798183739185333e-01
5.890100000000000000e+04 7.304500000000000000e+03 9.877283426387831966e+00 6.713347647991169120e-01 4.022426845205366611e+06 3.904337063431739807e-02
5.890100000000000000e+04 7.309500000000000000e+03 9.267687388376893765e+00 6.588110818296285531e-01 4.022422178772780113e+06 -1.822217304259538651e+00
5.890100000000000000e+04 7.314500000000000000e+03 1.094015557832451790e+01 7.339300786957175804e-01 4.022421347402025480e+06 1.500969515182077885e-01
5.890100000000000000e+04 7.319500000000000000e+03 8.301249544831877714e+00 6.009826279525755099e-01 4.022416268384511117e+06 -2.126719839870929718e+00
5.890100000000000000e+04 7.324500000000000000e+03 1.099154266713385297e+01 7.609005743107124520e-01 4.022415564405678771e+06 -2.997960709035396576e-02
5.890100000000000000e+04 7.329500000000000000e+03 9.352077730984259318e+00 6.240726704241406075e-01 4.022412054986283649e+06 -7.401589481160044670e-01
5.890100000000000000e+04 7.334500000000000000e+03 9.607887830868497403e+00 6.662292271364240737e-01 4.022411247595875524e+06 1.250214353203773499e+00
5.890100000000000000e+04 7.339500000000000000e+03 9.287488047826576221e+00 6.532511247434765744e-01 4.022407400062518194e+06 1.989710391499102116e-01
5.890100000000000000e+04 7.344500000000000000e+03 6.021413374201729951e+00 4.915838448473217048e-01 4.022405698175556958e+06 1.291903153061866760e+00
5.890100000000000000e+04 7.349500000000000000e+03 9.930890161945820083e+00 6.945990407273594514e-01 4.022402255282202736e+06 6.423606206662952900e-01
5.890100000000000000e+04 7.354500000000000000e+03 5.886410826057204559e+00 4.856117557298079146e-01 4.022396649719985202e+06 -2.171316298190504313e+00
5.890100000000000000e+04 7.359500000000000000e+03 8.055172567353057644e+00 5.934578024640195792e-01 4.022396793030513916e+06 7.624167534522712231e-01
5.890100000000000000e+04 7.364500000000000000e+03 7.839229677059177170e+00 5.463264692401995637e-01 4.022391709238482174e+06 -1.532412766013294458e+00
5.890100000000000000e+04 7.369500000000000000e+03 7.131656436799823418e+00 5.541448721636318409e-01 4.022390646045872476e+06 1.918999059125781059e-01
5.890100000000000000e+04 7.374500000000000000e+03 4.810167802997286302e+00 4.345715460229644944e-01 4.022385647269994486e+06 -2.020825123880058527e+00
5.890100000000000000e+04 7.379500000000000000e+03 9.882826015771167150e+00 6.649621182676741515e-01 4.022386551848660689e+06 1.668352771084755659e+00
5.890100000000000000e+04 7.384500000000000000e+03 9.669386436309917343e+00 6.414206966224001993e-01 4.022381000115356874e+06 -1.100230092648416758e+00
5.890100000000000000e+04 7.389500000000000000e+03 8.238291772415809788e+00 5.729823684523512872e-01 4.022380544923685957e+06 1.226282733958214521e+00
5.890100000000000000e+04 7.394500000000000000e+03 8.260999977358084223e+00 6.172013230897311908e-01 4.022375170478193555e+06 -1.367901340126991272e+00
5.890100000000000000e+04 7.399500000000000000e+03 6.521164590354942447e+00 5.193306424202851490e-01 4.022371671801939607e+06 -2.087756373919546604e+00
5.890100000000000000e+04 7.404500000000000000e+03 1.095813899840573846e+01 6.697279312661690298e-01 4.022371648920430802e+06 6.667460342869162560e-01
