# Observation conducted on 2020.02.22 at T6 rev. 0 
# \Base frequency: 8400.49 MHz 
#  Format :           Modified JD   |       Time(UTC) [s]  | Signal-to-Noise ratio  |               Spectral max     |  Freq. detection [Hz]  |  Doppler noise [Hz] 
# 
5.890100000000000000e+04 5.402500000000000000e+03 1.579220812229207240e+02 6.597798045841924974e-01 4.026446292218286544e+06 3.144425298087298870e-01
5.890100000000000000e+04 5.407500000000000000e+03 1.547722349064223124e+02 6.279404723086521312e-01 4.026441670232578646e+06 4.174509765580296516e-01
5.890100000000000000e+04 5.412500000000000000e+03 1.500439540329295482e+02 6.508727394786067988e-01 4.026436604688418563e+06 7.602651976048946381e-02
5.890100000000000000e+04 5.417500000000000000e+03 1.380787511386549227e+02 5.975480355999387427e-01 4.026431878225880209e+06 7.280572690069675446e-02
5.890100000000000000e+04 5.422500000000000000e+03 1.353630698300622441e+02 5.709772226579304943e-01 4.026427283072215039e+06 2.000123388133943081e-01
5.890100000000000000e+04 5.427500000000000000e+03 1.242760926517541975e+02 5.332919538211361443e-01 4.026422870646167081e+06 5.090615916997194290e-01
5.890100000000000000e+04 5.432500000000000000e+03 1.441458909159611039e+02 6.266773020622907753e-01 4.026418153184566181e+06 5.121868066489696503e-01
5.890100000000000000e+04 5.437500000000000000e+03 1.552816676688720179e+02 6.845735463726428938e-01 4.026413312562470790e+06 3.912595328874886036e-01
5.890100000000000000e+04 5.442500000000000000e+03 1.697290073522893010e+02 6.742411354764670239e-01 4.026408742719622795e+06 5.402160040102899075e-01
5.890100000000000000e+04 5.447500000000000000e+03 1.410459169941829884e+02 6.212313210191170443e-01 4.026403556214410812e+06 7.161110034212470055e-02
5.890100000000000000e+04 5.452500000000000000e+03 1.719674984040378831e+02 7.200890118717627741e-01 4.026399018702878151e+06 2.510973555035889149e-01
5.890100000000000000e+04 5.457500000000000000e+03 1.620644055643487889e+02 6.754259839134849619e-01 4.026394225938192103e+06 1.744244289584457874e-01
5.890100000000000000e+04 5.462500000000000000e+03 1.735796337674865413e+02 7.260642651456801211e-01 4.026389200541307218e+06 -1.357902348972856998e-01
5.890100000000000000e+04 5.467500000000000000e+03 1.914197979478811646e+02 6.964724432296458545e-01 4.026384771546381991e+06 1.494840155355632305e-01
5.890100000000000000e+04 5.472500000000000000e+03 1.777042724555139444e+02 7.209873625455793800e-01 4.026379794701613951e+06 -1.140081314370036125e-01
5.890100000000000000e+04 5.477500000000000000e+03 1.720399576624326130e+02 7.042060339262417035e-01 4.026374919002196286e+06 -2.772749913856387138e-01
5.890100000000000000e+04 5.482500000000000000e+03 1.677411352449515789e+02 6.889530980408979932e-01 4.026370257447696291e+06 -2.273205071687698364e-01
5.890100000000000000e+04 5.487500000000000000e+03 1.854322911363144613e+02 7.723380759474346435e-01 4.026365646693868097e+06 -1.274924315512180328e-01
5.890100000000000000e+04 5.492500000000000000e+03 1.693558660985053734e+02 7.527896393554905918e-01 4.026360690232215449e+06 -3.743027700111269951e-01
5.890100000000000000e+04 5.497500000000000000e+03 1.697324694686678868e+02 7.583596204521994011e-01 4.026355893922765274e+06 -4.618950043804943562e-01
5.890100000000000000e+04 5.502500000000000000e+03 1.473288644812436985e+02 6.535640068919674750e-01 4.026351228136274032e+06 -4.199018869549036026e-01
5.890100000000000000e+04 5.507500000000000000e+03 1.430549010289628882e+02 6.317642078929593952e-01 4.026346362363703083e+06 -5.788359655998647213e-01
5.890100000000000000e+04 5.512500000000000000e+03 1.407318809514132738e+02 5.929775346107446499e-01 4.026341684659775812e+06 -5.506460247561335564e-01
5.890100000000000000e+04 5.517500000000000000e+03 1.335973873669088618e+02 5.651727483933275398e-01 4.026337204123527743e+06 -3.262365385890007019e-01
5.890100000000000000e+04 5.522500000000000000e+03 1.468460033647509988e+02 5.708309683620496067e-01 4.026332979760556947e+06 1.533945836126804352e-01
5.890100000000000000e+04 5.527500000000000000e+03 1.442943790378348581e+02 5.714184934797256199e-01 4.026328051368375774e+06 -7.195865595713257790e-02
5.890100000000000000e+04 5.532500000000000000e+03 1.614924223793111651e+02 6.422921698320854800e-01 4.026323140766147990e+06 -2.804806013591587543e-01
5.890100000000000000e+04 5.537500000000000000e+03 1.460053674263315031e+02 6.216525801819322572e-01 4.026318621621565428e+06 -9.850706951692700386e-02
5.890100000000000000e+04 5.542500000000000000e+03 1.737416691116844163e+02 7.090951894772338227e-01 4.026313887812520843e+06 -1.321636768989264965e-01
5.890100000000000000e+04 5.547500000000000000e+03 1.858219266186691812e+02 7.405035067194105647e-01 4.026309427607621998e+06 1.068146764300763607e-01
5.890100000000000000e+04 5.552500000000000000e+03 1.560902146118375811e+02 6.779313982298167396e-01 4.026304512515366077e+06 -1.100670229643583298e-01
5.890100000000000000e+04 5.557500000000000000e+03 1.808549270781437031e+02 7.295620236968444194e-01 4.026299557920031715e+06 -3.674280024133622646e-01
5.890100000000000000e+04 5.562500000000000000e+03 1.893946675492147733e+02 7.721772531464020650e-01 4.026294942446062341e+06 -2.866473295725882053e-01
5.890100000000000000e+04 5.567500000000000000e+03 1.686691991621448494e+02 7.436898843745469723e-01 4.026290321781111881e+06 -2.120408578775823116e-01
5.890100000000000000e+04 5.572500000000000000e+03 1.730219738950980286e+02 7.160502341095641432e-01 4.026285622046702541e+06 -2.174905743449926376e-01
5.890100000000000000e+04 5.577500000000000000e+03 1.787901884857011794e+02 7.342177080695310165e-01 4.026280856974797323e+06 -2.892680247314274311e-01
5.890100000000000000e+04 5.582500000000000000e+03 1.749596033760977605e+02 7.150924268400866701e-01 4.026275852740809321e+06 -6.012013047002255917e-01
5.890100000000000000e+04 5.587500000000000000e+03 1.633217512073622117e+02 6.820888507556419622e-01 4.026271190051496495e+06 -5.725871645845472813e-01
5.890100000000000000e+04 5.592500000000000000e+03 1.537787895139882721e+02 6.451090435702380166e-01 4.026266804659666959e+06 -2.676763050258159637e-01
5.890100000000000000e+04 5.597500000000000000e+03 1.428524920223093204e+02 6.128019742441092044e-01 4.026261958626607899e+06 -4.244109485298395157e-01
5.890100000000000000e+04 5.602500000000000000e+03 1.489159747540152807e+02 5.959222108473462010e-01 4.026258097022771370e+06 4.022758495993912220e-01
5.890100000000000000e+04 5.607500000000000000e+03 1.451372560779742287e+02 5.898790135228496601e-01 4.026252952481260989e+06 -5.498631624504923820e-02
5.890100000000000000e+04 5.612500000000000000e+03 1.603516744818410871e+02 6.460134897420873878e-01 4.026248168677356560e+06 -1.525256754830479622e-01
5.890100000000000000e+04 5.617500000000000000e+03 1.573421116234509043e+02 6.733115594684824234e-01 4.026243676995493006e+06 4.103869944810867310e-02
5.890100000000000000e+04 5.622500000000000000e+03 1.697297668564376352e+02 7.390425752503646528e-01 4.026238913818909321e+06 -3.791346400976181030e-02
5.890100000000000000e+04 5.627500000000000000e+03 1.789324570167220259e+02 7.531157741864888955e-01 4.026234339499633294e+06 7.096635643392801285e-02
5.890100000000000000e+04 5.632500000000000000e+03 1.981717696878220920e+02 7.036388942167340899e-01 4.026229507606253028e+06 -7.875676127150654793e-02
5.890100000000000000e+04 5.637500000000000000e+03 1.963601001456443669e+02 7.803762224261066027e-01 4.026224797450340353e+06 -1.077747535891830921e-01
5.890100000000000000e+04 5.642500000000000000e+03 1.954296899381949402e+02 8.191768604207958493e-01 4.026220012984227389e+06 -2.121387976221740246e-01
5.890100000000000000e+04 5.647500000000000000e+03 2.077214307083206961e+02 8.478374216840398603e-01 4.026215260645445436e+06 -2.854148717597126961e-01
5.890100000000000000e+04 5.652500000000000000e+03 1.619675029055868265e+02 7.338317492751001980e-01 4.026210676027566195e+06 -1.920129102654755116e-01
5.890100000000000000e+04 5.657500000000000000e+03 1.796085724787389779e+02 7.668804643695649181e-01 4.026206175824316218e+06 -1.524269767105579376e-02
5.890100000000000000e+04 5.662500000000000000e+03 1.741108138074140470e+02 6.784693774779529951e-01 4.026201555000353139e+06 3.985691629350185394e-02
5.890100000000000000e+04 5.667500000000000000e+03 1.582501089538690735e+02 6.115399296319173894e-01 4.026196629837167449e+06 -2.104360884986817837e-01
5.890100000000000000e+04 5.672500000000000000e+03 1.210625065738795172e+02 5.830729077913531233e-01 4.026192404911356047e+06 2.384513788856565952e-01
5.890100000000000000e+04 5.677500000000000000e+03 1.503998102431193331e+02 6.420650245261947386e-01 4.026187966435303446e+06 4.727281923405826092e-01
5.890100000000000000e+04 5.682500000000000000e+03 1.604137805220492510e+02 6.689518656806299202e-01 4.026183464920858853e+06 6.429026927798986435e-01
5.890100000000000000e+04 5.687500000000000000e+03 1.801532954400661311e+02 7.229148899183629462e-01 4.026178684163267724e+06 5.327666169032454491e-01
5.890100000000000000e+04 5.692500000000000000e+03 1.914573533158836938e+02 7.833253706303170416e-01 4.026174217347901780e+06 7.355018276721239090e-01
5.890100000000000000e+04 5.697500000000000000e+03 1.792231414394294688e+02 7.475324006062207260e-01 4.026169250030782539e+06 4.366608383134007454e-01
5.890100000000000000e+04 5.702500000000000000e+03 2.091539978120613341e+02 7.970722145766686584e-01 4.026164520224107895e+06 3.742523374967277050e-01
5.890100000000000000e+04 5.707500000000000000e+03 1.779761684197638374e+02 7.443096438975581597e-01 4.026159708059312310e+06 2.284042518585920334e-01
5.890100000000000000e+04 5.712500000000000000e+03 2.247455119131211063e+02 8.533035213384647655e-01 4.026155210695095360e+06 3.962717708200216293e-01
5.890100000000000000e+04 5.717500000000000000e+03 1.900788226033523358e+02 7.639238375611139276e-01 4.026150661166874692e+06 5.108868042007088661e-01
5.890100000000000000e+04 5.722500000000000000e+03 1.917276219045822643e+02 7.999662044147429762e-01 4.026145973649356980e+06 4.864205503836274147e-01
5.890100000000000000e+04 5.727500000000000000e+03 1.651236964515044008e+02 7.373174323271018960e-01 4.026141479048301000e+06 6.537752579897642136e-01
5.890100000000000000e+04 5.732500000000000000e+03 1.718881608783952970e+02 7.177525973607499221e-01 4.026136835007813293e+06 6.705915266647934914e-01
5.890100000000000000e+04 5.737500000000000000e+03 1.565421666127402318e+02 6.548611812007381072e-01 4.026131856468046550e+06 3.518059984780848026e-01
5.890100000000000000e+04 5.742500000000000000e+03 1.493485710324278273e+02 6.073233017130358347e-01 4.026126980579508003e+06 1.345656737685203552e-01
5.890100000000000000e+04 5.747500000000000000e+03 1.594824632272901965e+02 6.324971362341932357e-01 4.026122724655982573e+06 5.361808273009955883e-01
5.890100000000000000e+04 5.752500000000000000e+03 1.734022417268994616e+02 7.206869030641384066e-01 4.026118157191271894e+06 6.251417528837919235e-01
5.890100000000000000e+04 5.757500000000000000e+03 1.716800750865314455e+02 6.958491739196354109e-01 4.026113230250189081e+06 3.535097548738121986e-01
5.890100000000000000e+04 5.762500000000000000e+03 1.753726120111388127e+02 7.432925223164310591e-01 4.026108608591823373e+06 3.860404132865369320e-01
5.890100000000000000e+04 5.767500000000000000e+03 2.035518500957511776e+02 7.935737165051299780e-01 4.026104092020847369e+06 5.225348919630050659e-01
5.890100000000000000e+04 5.772500000000000000e+03 1.940596897442364082e+02 7.986068921990099323e-01 4.026099108517704066e+06 1.909701260738074780e-01
5.890100000000000000e+04 5.777500000000000000e+03 1.821156623807657127e+02 7.761196325523735950e-01 4.026094427812525537e+06 1.610727375373244286e-01
5.890100000000000000e+04 5.782500000000000000e+03 1.605534555341738780e+02 7.366995595960070808e-01 4.026089658600815106e+06 4.153472231701016426e-02
5.890100000000000000e+04 5.787500000000000000e+03 1.946042444504658704e+02 7.880206028769931592e-01 4.026085059838737361e+06 9.130873577669262886e-02
5.890100000000000000e+04 5.792500000000000000e+03 1.892852180791583123e+02 7.943679705692875403e-01 4.026080374714719132e+06 5.357969598844647408e-02
5.890100000000000000e+04 5.797500000000000000e+03 1.900607514207908366e+02 7.670716384609810312e-01 4.026075750256917905e+06 7.537225168198347092e-02
5.890100000000000000e+04 5.802500000000000000e+03 1.898362860716411831e+02 8.105344997183944189e-01 4.026070932755005546e+06 -9.702743357047438622e-02
5.890100000000000000e+04 5.807500000000000000e+03 1.857184619423937590e+02 7.875685027314042186e-01 4.026066104622540995e+06 -2.812093105167150497e-01
5.890100000000000000e+04 5.812500000000000000e+03 1.848017393663949974e+02 7.168045385060654029e-01 4.026061492210162338e+06 -2.508262488991022110e-01
5.890100000000000000e+04 5.817500000000000000e+03 1.627330953942147005e+02 6.821394000135696523e-01 4.026056580563318916e+06 -5.208363081328570843e-01
5.890100000000000000e+04 5.822500000000000000e+03 1.735470425615770580e+02 6.780618112037618550e-01 4.026052082294460852e+06 -3.786305473186075687e-01
5.890100000000000000e+04 5.827500000000000000e+03 1.708203075364079666e+02 6.981826633171780427e-01 4.026047795055447146e+06 -2.656061528250575066e-02
5.890100000000000000e+04 5.832500000000000000e+03 1.695447452539918913e+02 6.820147847433883914e-01 4.026042995728831738e+06 -1.877474687062203884e-01
5.890100000000000000e+04 5.837500000000000000e+03 1.752252072049608955e+02 7.831080526722439261e-01 4.026038609876169823e+06 6.336694117635488510e-02
5.890100000000000000e+04 5.842500000000000000e+03 1.785859349973210897e+02 7.605792582176784666e-01 4.026033729088771157e+06 -1.816295855678617954e-01
5.890100000000000000e+04 5.847500000000000000e+03 1.786227652231653735e+02 7.489671687712479153e-01 4.026029238188617863e+06 -3.791857603937387466e-02
5.890100000000000000e+04 5.852500000000000000e+03 1.660582371378011999e+02 7.757167067743573341e-01 4.026024424174899701e+06 -2.185043483041226864e-01
5.890100000000000000e+04 5.857500000000000000e+03 1.858652074593590271e+02 8.141016460378631692e-01 4.026019858047429472e+06 -1.523905987851321697e-01
5.890100000000000000e+04 5.862500000000000000e+03 1.763247795784922971e+02 7.423147257523382558e-01 4.026014988947443198e+06 -3.904396006837487221e-01
5.890100000000000000e+04 5.867500000000000000e+03 1.855283948656503981e+02 8.053912057682437453e-01 4.026010186734134797e+06 -5.627956674434244633e-01
5.890100000000000000e+04 5.872500000000000000e+03 1.985657895928394225e+02 8.230136456904079134e-01 4.026005920186709613e+06 -2.006831034086644650e-01
5.890100000000000000e+04 5.877500000000000000e+03 2.239863784716572184e+02 8.391308668515916613e-01 4.026000911615020595e+06 -5.817955643869936466e-01
5.890100000000000000e+04 5.882500000000000000e+03 1.911816604897570073e+02 7.897398511745424843e-01 4.025996137457847595e+06 -7.296977783553302288e-01
5.890100000000000000e+04 5.887500000000000000e+03 1.697705819827625078e+02 7.362592626873927237e-01 4.025991952707689255e+06 -2.894007563591003418e-01
5.890100000000000000e+04 5.892500000000000000e+03 1.402184457117187435e+02 5.995021760194856331e-01 4.025987082286254037e+06 -5.359862982295453548e-01
5.890100000000000000e+04 5.897500000000000000e+03 1.543915139415952353e+02 6.108734193364344645e-01 4.025982222200721502e+06 -7.734507336281239986e-01
5.890100000000000000e+04 5.902500000000000000e+03 1.694286570874969300e+02 6.865377025905211594e-01 4.025978242094146088e+06 -1.321545159444212914e-01
5.890100000000000000e+04 5.907500000000000000e+03 1.945543000920489476e+02 7.979737295791364815e-01 4.025973660718076862e+06 -9.334960533306002617e-02
5.890100000000000000e+04 5.912500000000000000e+03 1.898045626611334455e+02 7.935429384521724971e-01 4.025968774351568893e+06 -3.607604550197720528e-01
5.890100000000000000e+04 5.917500000000000000e+03 1.905387374117476611e+02 7.797398979011049835e-01 4.025964420645892154e+06 -9.673930471763014793e-02
5.890100000000000000e+04 5.922500000000000000e+03 1.930183447606589482e+02 8.416163207211339037e-01 4.025959546876521781e+06 -3.540141875855624676e-01
5.890100000000000000e+04 5.927500000000000000e+03 1.956976084074801747e+02 7.853497377213100039e-01 4.025954928661269601e+06 -3.569708000868558884e-01
5.890100000000000000e+04 5.932500000000000000e+03 2.235900702672228988e+02 8.271266097476981383e-01 4.025950210427977610e+06 -4.611848089843988419e-01
5.890100000000000000e+04 5.937500000000000000e+03 1.983298798926134054e+02 8.037334626134872151e-01 4.025945547066646162e+06 -5.117697231471538544e-01
5.890100000000000000e+04 5.942500000000000000e+03 1.923563992573031101e+02 7.526755030854331840e-01 4.025940922986536752e+06 -5.243197889067232609e-01
5.890100000000000000e+04 5.947500000000000000e+03 1.642755575447687306e+02 7.086961900541867143e-01 4.025936036492905580e+06 -8.005332602187991142e-01
5.890100000000000000e+04 5.952500000000000000e+03 1.908828101032606241e+02 6.849878209466453427e-01 4.025931801733249333e+06 -4.262661477550864220e-01
5.890100000000000000e+04 5.957500000000000000e+03 1.505961984463422709e+02 6.615389013764259030e-01 4.025927050417533144e+06 -5.698119956068694592e-01
5.890100000000000000e+04 5.962500000000000000e+03 1.713187603869782549e+02 6.984065944203214915e-01 4.025922778937346302e+06 -2.347827237099409103e-01
5.890100000000000000e+04 5.967500000000000000e+03 1.739420014257781588e+02 7.270748306578039832e-01 4.025918131659750361e+06 -2.768147783353924751e-01
5.890100000000000000e+04 5.972500000000000000e+03 2.055788264796050555e+02 8.083173486331343138e-01 4.025913695240131579e+06 -1.092562819831073284e-01
5.890100000000000000e+04 5.977500000000000000e+03 1.790393584553841890e+02 7.645346481312177422e-01 4.025909160190772265e+06 -4.159846156835556030e-02
5.890100000000000000e+04 5.982500000000000000e+03 2.158493542020807752e+02 8.399495488444147506e-01 4.025904447594348341e+06 -1.527621503919363022e-01
5.890100000000000000e+04 5.987500000000000000e+03 2.023763435952227780e+02 8.768746239222611205e-01 4.025899973457724322e+06 -2.674399130046367645e-02
5.890100000000000000e+04 5.992500000000000000e+03 2.150075776448292117e+02 9.024137897857165136e-01 4.025895167336840648e+06 -2.339915540069341660e-01
5.890100000000000000e+04 5.997500000000000000e+03 2.027336109400818884e+02 8.320628493037481865e-01 4.025890817600144539e+06 1.386010181158781052e-02
5.890100000000000000e+04 6.002500000000000000e+03 1.983158057315499434e+02 8.263050361367693109e-01 4.025885884887787513e+06 -3.225523829460144043e-01
5.890100000000000000e+04 6.007500000000000000e+03 1.840312360511528311e+02 7.589101556465573939e-01 4.025881254403856583e+06 -3.580284286290407181e-01
5.890100000000000000e+04 6.012500000000000000e+03 1.668212156263007557e+02 7.142411153388146250e-01 4.025876724467235617e+06 -2.942526610568165779e-01
5.890100000000000000e+04 6.017500000000000000e+03 1.518768961665004440e+02 6.394045733087221350e-01 4.025872759565751068e+06 3.332592379301786423e-01
5.890100000000000000e+04 6.022500000000000000e+03 1.626448731452248069e+02 6.761983601908617691e-01 4.025867990870885085e+06 1.556752421893179417e-01
5.890100000000000000e+04 6.027500000000000000e+03 1.703315641313818389e+02 7.563038135172754917e-01 4.025863786910271738e+06 5.415194765664637089e-01
5.890100000000000000e+04 6.032500000000000000e+03 1.893756922168382459e+02 7.693561075737943566e-01 4.025859041603185702e+06 3.847077069804072380e-01
5.890100000000000000e+04 6.037500000000000000e+03 2.149889687898484851e+02 8.630966372889903315e-01 4.025854185420643538e+06 1.157074412330985069e-01
5.890100000000000000e+04 6.042500000000000000e+03 2.033677672569239689e+02 7.945940854873826398e-01 4.025849783600087278e+06 2.997526130639016628e-01
5.890100000000000000e+04 6.047500000000000000e+03 2.177504621427776783e+02 8.400514343600270495e-01 4.025844928448335733e+06 2.914653299376368523e-02
5.890100000000000000e+04 6.052500000000000000e+03 1.871319448736271625e+02 7.864179562787602107e-01 4.025840388368988875e+06 7.228929083794355392e-02
5.890100000000000000e+04 6.057500000000000000e+03 1.980776406748936722e+02 7.500022443369677161e-01 4.025835862151215319e+06 1.279665473848581314e-01
5.890100000000000000e+04 6.062500000000000000e+03 1.789119376310392795e+02 7.629881950139584257e-01 4.025831515718162060e+06 3.620979408733546734e-01
5.890100000000000000e+04 6.067500000000000000e+03 1.984607027577935696e+02 7.738443865408688449e-01 4.025826699550245889e+06 1.251603788696229458e-01
5.890100000000000000e+04 6.072500000000000000e+03 1.647549710471747915e+02 6.772198898167629544e-01 4.025822830619648099e+06 8.341225348412990570e-01
5.890100000000000000e+04 6.077500000000000000e+03 1.699799396402511604e+02 7.046204483365529070e-01 4.025818194246054627e+06 7.743005859665572643e-01
5.890100000000000000e+04 6.082500000000000000e+03 1.757946553148104272e+02 7.483811012763655901e-01 4.025813431907128543e+06 5.871686846949160099e-01
5.890100000000000000e+04 6.087500000000000000e+03 1.960512811360268302e+02 8.176625488564829292e-01 4.025808807486176491e+06 5.366066321730613708e-01
5.890100000000000000e+04 6.092500000000000000e+03 2.106789350660410776e+02 8.370380696351250593e-01 4.025804361922377255e+06 6.635500960983335972e-01
5.890100000000000000e+04 6.097500000000000000e+03 2.065746123714373255e+02 8.677168073214699406e-01 4.025799861831583548e+06 7.346114208921790123e-01
5.890100000000000000e+04 6.102500000000000000e+03 2.040502873862135687e+02 8.650694128538460870e-01 4.025795089152334258e+06 5.317256371490657330e-01
5.890100000000000000e+04 6.107500000000000000e+03 1.954465438178038710e+02 8.198432604315848415e-01 4.025790720558969770e+06 7.315635755658149719e-01
5.890100000000000000e+04 6.112500000000000000e+03 1.883049832191561563e+02 7.634899818645816127e-01 4.025786303041962907e+06 8.811122020706534386e-01
5.890100000000000000e+04 6.117500000000000000e+03 1.886249023168818439e+02 8.174560465449073332e-01 4.025781466518330388e+06 6.102850236929953098e-01
5.890100000000000000e+04 6.122500000000000000e+03 1.931010225314220179e+02 7.834694170258503787e-01 4.025776698292242363e+06 4.063827013596892357e-01
5.890100000000000000e+04 6.127500000000000000e+03 1.431470035131770544e+02 6.202294749515127048e-01 4.025772146970425732e+06 4.180084536783397198e-01
5.890100000000000000e+04 6.132500000000000000e+03 1.892504462710514588e+02 7.025289442787087113e-01 4.025768112794117536e+06 9.454000084660947323e-01
5.890100000000000000e+04 6.137500000000000000e+03 1.841253516737712630e+02 7.470112305704561528e-01 4.025763422866312321e+06 8.156568524427711964e-01
5.890100000000000000e+04 6.142500000000000000e+03 1.878913677817542691e+02 7.716960664351122379e-01 4.025758515878518578e+06 4.674669853411614895e-01
5.890100000000000000e+04 6.147500000000000000e+03 1.950405840547926175e+02 8.190503956917082329e-01 4.025753980298348702e+06 4.892945108003914356e-01
5.890100000000000000e+04 6.152500000000000000e+03 2.109824449342975186e+02 8.627433141199056799e-01 4.025749304613267537e+06 3.696233835071325302e-01
5.890100000000000000e+04 6.157500000000000000e+03 2.126102157800794430e+02 8.760745159851556219e-01 4.025744517304083798e+06 1.369309052824974060e-01
5.890100000000000000e+04 6.162500000000000000e+03 1.712206414286156075e+02 7.784897149522629345e-01 4.025740069523870945e+06 2.423666403628885746e-01
5.890100000000000000e+04 6.167500000000000000e+03 2.244187803124513039e+02 8.904432713963063017e-01 4.025735340149466880e+06 6.480391742661595345e-02
5.890100000000000000e+04 6.172500000000000000e+03 2.099514884067046125e+02 8.240482138858081784e-01 4.025730703026093077e+06 -2.191555080935359001e-02
5.890100000000000000e+04 6.177500000000000000e+03 1.765562168442245081e+02 8.004529371648385627e-01 4.025726253422073089e+06 7.747305138036608696e-02
5.890100000000000000e+04 6.182500000000000000e+03 1.828326077041894280e+02 7.664678871143851824e-01 4.025721796657471918e+06 1.682862797752022743e-01
5.890100000000000000e+04 6.187500000000000000e+03 1.856592001130620702e+02 7.477317471299713691e-01 4.025716710169014987e+06 -3.720426489599049091e-01
5.890100000000000000e+04 6.192500000000000000e+03 1.633181910882922807e+02 6.741100497913223855e-01 4.025712615730275866e+06 7.825632998719811440e-02
5.890100000000000000e+04 6.197500000000000000e+03 1.726343095477655538e+02 7.145987223904493035e-01 4.025707981539762579e+06 -1.262178411707282066e-02
5.890100000000000000e+04 6.202500000000000000e+03 1.960552847764269586e+02 8.059860753013600165e-01 4.025703458115664311e+06 5.837689153850078583e-03
5.890100000000000000e+04 6.207500000000000000e+03 1.913477334842980611e+02 7.654052550263850119e-01 4.025698745618580841e+06 -1.662081587128341198e-01
5.890100000000000000e+04 6.212500000000000000e+03 1.804112770215369608e+02 8.116182685892630033e-01 4.025694485147760250e+06 1.123364116065204144e-01
5.890100000000000000e+04 6.217500000000000000e+03 2.141148114728254086e+02 8.526421058668666175e-01 4.025689925600157119e+06 9.036484546959400177e-02
5.890100000000000000e+04 6.222500000000000000e+03 2.053685984164193314e+02 8.207643964106734469e-01 4.025684878071188927e+06 -4.210309484042227268e-01
5.890100000000000000e+04 6.227500000000000000e+03 2.038824045377233745e+02 7.897734335201440636e-01 4.025680796746509615e+06 3.233117610216140747e-02
5.890100000000000000e+04 6.232500000000000000e+03 2.029735522132372409e+02 8.513684146547405573e-01 4.025675934904319234e+06 -2.962740901857614517e-01
5.890100000000000000e+04 6.237500000000000000e+03 1.949246816060712604e+02 8.165820201568799730e-01 4.025671255355940200e+06 -4.440389340743422508e-01
5.890100000000000000e+04 6.242500000000000000e+03 1.884771009607740382e+02 7.416848256162971165e-01 4.025666835087693762e+06 -3.339805426076054573e-01
5.890100000000000000e+04 6.247500000000000000e+03 1.626593673028838509e+02 6.539060748157426994e-01 4.025662704551806208e+06 6.434980174526572227e-02
5.890100000000000000e+04 6.252500000000000000e+03 1.740402931896737186e+02 7.327689264168817385e-01 4.025658114610825200e+06 1.811138354241847992e-03
5.890100000000000000e+04 6.257500000000000000e+03 1.864423240794190804e+02 8.019758634529823293e-01 4.025653423914301209e+06 -1.629504915326833725e-01
5.890100000000000000e+04 6.262500000000000000e+03 2.082795755563979867e+02 8.330561528412619987e-01 4.025648656724392436e+06 -4.056764380075037479e-01
5.890100000000000000e+04 6.267500000000000000e+03 2.058726802050078106e+02 8.529449976963804358e-01 4.025644205700370483e+06 -3.337109396234154701e-01
5.890100000000000000e+04 6.272500000000000000e+03 2.080981205303992283e+02 8.712498519585021306e-01 4.025639737581374589e+06 -2.803183635696768761e-01
5.890100000000000000e+04 6.277500000000000000e+03 2.198860159642782719e+02 8.779683508193565356e-01 4.025635258675699588e+06 -2.391939251683652401e-01
5.890100000000000000e+04 6.282500000000000000e+03 1.801659274507674695e+02 7.935087685196077212e-01 4.025630580780811608e+06 -3.985436665825545788e-01
5.890100000000000000e+04 6.287500000000000000e+03 2.175152725304300247e+02 8.833651724614179912e-01 4.025626119621221907e+06 -3.426465853117406368e-01
5.890100000000000000e+04 6.292500000000000000e+03 1.746523458483747220e+02 7.519382748516166837e-01 4.025621621538788546e+06 -3.251643325202167034e-01
5.890100000000000000e+04 6.297500000000000000e+03 1.824073499317563289e+02 7.026295293478119763e-01 4.025616964351797942e+06 -4.682821296155452728e-01
5.890100000000000000e+04 6.302500000000000000e+03 1.979265336926615078e+02 7.204853220815645720e-01 4.025612874028492719e+06 -4.603524366393685341e-02
5.890100000000000000e+04 6.307500000000000000e+03 1.880217821816305275e+02 7.671344565429646378e-01 4.025608407523656264e+06 -1.472399104386568069e-03
5.890100000000000000e+04 6.312500000000000000e+03 1.987881615261341040e+02 8.295602964312175365e-01 4.025603668054573238e+06 -2.313798200339078903e-01
5.890100000000000000e+04 6.317500000000000000e+03 2.023842163128435629e+02 8.450058507058865187e-01 4.025599106673458591e+06 -2.847088011913001537e-01
5.890100000000000000e+04 6.322500000000000000e+03 2.092718483428728860e+02 9.012530839649889325e-01 4.025594666424572468e+06 -2.184185902588069439e-01
5.890100000000000000e+04 6.327500000000000000e+03 2.503155933321270936e+02 1.000000000000000000e+00 4.025590043110214174e+06 -3.367103971540927887e-01
5.890100000000000000e+04 6.332500000000000000e+03 2.478787259898861066e+02 9.537235695239414390e-01 4.025585604352719150e+06 -2.719653947278857231e-01
5.890100000000000000e+04 6.337500000000000000e+03 1.859188746939946668e+02 7.852356680484275930e-01 4.025580930200512055e+06 -4.441386670805513859e-01
5.890100000000000000e+04 6.342500000000000000e+03 1.845560189189690732e+02 7.888089063257009981e-01 4.025576527502257377e+06 -3.463850589469075203e-01
5.890100000000000000e+04 6.347500000000000000e+03 1.895568048791871263e+02 7.496987255623214219e-01 4.025571937882941216e+06 -4.370830925181508064e-01
5.890100000000000000e+04 6.352500000000000000e+03 1.693095582962076548e+02 6.878895331574333971e-01 4.025567632830862422e+06 -2.447479767724871635e-01
5.890100000000000000e+04 6.357500000000000000e+03 1.821822036411363968e+02 7.516393755206816074e-01 4.025563316646407824e+06 -6.508283549919724464e-02
5.890100000000000000e+04 6.362500000000000000e+03 1.942497376244313898e+02 8.017625477198171424e-01 4.025558598684583791e+06 -2.887361701577901840e-01
5.890100000000000000e+04 6.367500000000000000e+03 1.883848767729223255e+02 8.120473751618090263e-01 4.025554458166240249e+06 6.350936088711023331e-02
5.890100000000000000e+04 6.372500000000000000e+03 2.138920370522883445e+02 8.680869705294675942e-01 4.025549789428356104e+06 -1.140127726830542088e-01
5.890100000000000000e+04 6.377500000000000000e+03 2.166209724285043876e+02 8.382171363459430813e-01 4.025545151867989451e+06 -2.619090210646390915e-01
5.890100000000000000e+04 6.382500000000000000e+03 1.873817447533988059e+02 7.964772406049293041e-01 4.025540240019590594e+06 -6.856484431773424149e-01
5.890100000000000000e+04 6.387500000000000000e+03 1.912962951260261661e+02 8.631953064954153154e-01 4.025536165461616125e+06 -2.736560907214879990e-01
5.890100000000000000e+04 6.392500000000000000e+03 1.866438982378790001e+02 7.853984970471017402e-01 4.025531570997420233e+06 -3.831321187317371368e-01
5.890100000000000000e+04 6.397500000000000000e+03 1.589896301352835053e+02 6.674778674013571722e-01 4.025527311712826136e+06 -1.589942118152976036e-01
5.890100000000000000e+04 6.402500000000000000e+03 1.643953528257383994e+02 6.903465440053809798e-01 4.025523228660112713e+06 2.398063992150127888e-01
5.890100000000000000e+04 6.407500000000000000e+03 2.020691705257703745e+02 7.884507472489229452e-01 4.025518626494824886e+06 1.179217509925365448e-01
5.890100000000000000e+04 6.412500000000000000e+03 1.965006243478462409e+02 7.801667446992905930e-01 4.025514120510691777e+06 9.064206387847661972e-02
5.890100000000000000e+04 6.417500000000000000e+03 2.060905170471361600e+02 8.828207785605644009e-01 4.025509704608957283e+06 1.518650730140507221e-01
5.890100000000000000e+04 6.422500000000000000e+03 2.211637369358542458e+02 8.634308228655788175e-01 4.025505262388035189e+06 1.851856838911771774e-01
5.890100000000000000e+04 6.427500000000000000e+03 1.859068475297753196e+02 8.497251636268458030e-01 4.025500567821583245e+06 -3.542595496401190758e-02
5.890100000000000000e+04 6.432500000000000000e+03 1.642148824311253748e+02 7.558903605523962232e-01 4.025496215003682300e+06 8.412072854116559029e-02
5.890100000000000000e+04 6.437500000000000000e+03 1.914068193448412387e+02 7.474330568309345280e-01 4.025491705746029969e+06 4.563392326235771179e-02
5.890100000000000000e+04 6.442500000000000000e+03 1.678894541251865462e+02 6.932008209205774429e-01 4.025487281733135693e+06 9.079463081434369087e-02
5.890100000000000000e+04 6.447500000000000000e+03 1.621428528980923431e+02 6.735170770172901333e-01 4.025483149061630946e+06 4.256959729827940464e-01
5.890100000000000000e+04 6.452500000000000000e+03 1.978632691953316964e+02 8.132947111003385743e-01 4.025478654497807380e+06 3.971007321961224079e-01
5.890100000000000000e+04 6.457500000000000000e+03 2.117754746597604196e+02 8.541256870352106345e-01 4.025474033690025564e+06 2.406537621282041073e-01
5.890100000000000000e+04 6.462500000000000000e+03 2.150719981481892944e+02 8.491716959615155380e-01 4.025469911673924420e+06 5.813871920108795166e-01
5.890100000000000000e+04 6.467500000000000000e+03 1.853892584678147557e+02 8.197745193787960849e-01 4.025465038514270913e+06 1.693622800521552563e-01
5.890100000000000000e+04 6.472500000000000000e+03 1.882166352815428638e+02 7.704139639204239387e-01 4.025460726862992626e+06 3.172274446114897728e-01
5.890100000000000000e+04 6.477500000000000000e+03 2.059528735760864890e+02 8.575645349152689612e-01 4.025456286394061986e+06 3.346531498245894909e-01
5.890100000000000000e+04 6.482500000000000000e+03 1.819671635079012617e+02 7.543617875364032610e-01 4.025451766309567261e+06 2.708379761315882206e-01
5.890100000000000000e+04 6.487500000000000000e+03 1.863005975122083271e+02 6.956784778599608421e-01 4.025447168793092947e+06 1.279619978740811348e-01
5.890100000000000000e+04 6.492500000000000000e+03 1.681473275113924331e+02 6.740745413947942799e-01 4.025442742443566676e+06 1.546206348575651646e-01
5.890100000000000000e+04 6.497500000000000000e+03 1.921280829877193810e+02 7.722477246600396583e-01 4.025438737755881157e+06 6.013052710331976414e-01
5.890100000000000000e+04 6.502500000000000000e+03 1.748525814962814593e+02 7.746577330182506937e-01 4.025433895303755999e+06 2.085861163213849068e-01
5.890100000000000000e+04 6.507500000000000000e+03 1.855749067506510244e+02 7.895498076117321018e-01 4.025429169904146343e+06 -6.872338103130459785e-02
5.890100000000000000e+04 6.512500000000000000e+03 2.027309368428284984e+02 8.114865581411342399e-01 4.025424992581357714e+06 2.003975734114646912e-01
5.890100000000000000e+04 6.517500000000000000e+03 1.817571344852128732e+02 8.247085176429163056e-01 4.025420480518625118e+06 1.331287086941301823e-01
5.890100000000000000e+04 6.522500000000000000e+03 2.130251689674848308e+02 8.071614776046370787e-01 4.025415610898683313e+06 -2.933507519774138927e-01
5.890100000000000000e+04 6.527500000000000000e+03 1.917429518890245390e+02 7.713030043551416526e-01 4.025411051352624316e+06 -4.114132230170071125e-01
5.890100000000000000e+04 6.532500000000000000e+03 1.677939828701292413e+02 6.982985521672322449e-01 4.025406522968789563e+06 -4.999738726764917374e-01
5.890100000000000000e+04 6.602500000000000000e+03 1.537032442219510244e+02 7.925257494074599007e-01 4.025343960729232058e+06 2.036061007529497147e-01
5.890100000000000000e+04 6.607500000000000000e+03 1.555283947698526958e+02 8.512452824467181545e-01 4.025339686788904015e+06 3.400070285424590111e-01
5.890100000000000000e+04 6.612500000000000000e+03 1.728402686319496127e+02 8.664970791620647539e-01 4.025335303544018883e+06 3.657188480719923973e-01
5.890100000000000000e+04 6.617500000000000000e+03 1.590275866559593112e+02 8.497584935204574030e-01 4.025330452263844199e+06 -7.791769504547119141e-02
5.890100000000000000e+04 6.622500000000000000e+03 1.394422550971087276e+02 8.217726906216807903e-01 4.025326136320460588e+06 1.253748591989278793e-02
5.890100000000000000e+04 6.627500000000000000e+03 1.676000093915450009e+02 8.166798412007409969e-01 4.025321542830289807e+06 -1.757345958612859249e-01
5.890100000000000000e+04 6.632500000000000000e+03 1.135175921206880929e+02 6.427637557973584492e-01 4.025317052834413480e+06 -2.616316154599189758e-01
5.890100000000000000e+04 6.637500000000000000e+03 1.307909940059583960e+02 7.053426152105202185e-01 4.025313189942551777e+06 2.785140899941325188e-01
5.890100000000000000e+04 6.642500000000000000e+03 1.357996331622815376e+02 7.192944826318918849e-01 4.025308846123448573e+06 3.367259767837822437e-01
5.890100000000000000e+04 6.647500000000000000e+03 1.441444957720153184e+02 7.943681961024191551e-01 4.025304219448098447e+06 1.111265704967081547e-01
5.890100000000000000e+04 6.652500000000000000e+03 1.687908442104172480e+02 8.543587546102863195e-01 4.025299642164998688e+06 -6.598721351474523544e-02
5.890100000000000000e+04 6.657500000000000000e+03 1.519936976033332598e+02 8.310350770537719978e-01 4.025294927006298676e+06 -3.818378709256649017e-01
5.890100000000000000e+04 6.662500000000000000e+03 1.478875135980070752e+02 8.327596874075408051e-01 4.025290694267789368e+06 -2.160872542299330235e-01
5.890100000000000000e+04 6.667500000000000000e+03 1.359417110917542004e+02 7.788321067195054237e-01 4.025286430733664427e+06 -8.191175572574138641e-02
5.890100000000000000e+04 6.672500000000000000e+03 1.315614659982865930e+02 7.137882156871290240e-01 4.025282104150542989e+06 -1.152822235599160194e-02
5.890100000000000000e+04 6.677500000000000000e+03 1.030439691288238890e+02 6.098716973794238161e-01 4.025277759825590067e+06 4.040421918034553528e-02
5.890100000000000000e+04 6.682500000000000000e+03 1.299520664541465180e+02 7.734853482728611951e-01 4.025273460173549131e+06 1.363312574103474617e-01
5.890100000000000000e+04 6.687500000000000000e+03 1.474936906836474293e+02 8.294300273214246788e-01 4.025268825697439257e+06 -1.032158504240214825e-01
5.890100000000000000e+04 6.692500000000000000e+03 1.596141888872856782e+02 8.087171709981304524e-01 4.025264341083717532e+06 -1.935250554233789444e-01
5.890100000000000000e+04 6.697500000000000000e+03 1.546159329011560146e+02 8.018687747144821465e-01 4.025259905277723446e+06 -2.356280153617262840e-01
5.890100000000000000e+04 6.702500000000000000e+03 1.709765363422571909e+02 9.114552067857922824e-01 4.025255418691870291e+06 -3.290918408893048763e-01
5.890100000000000000e+04 6.707500000000000000e+03 1.676181544264198919e+02 9.052380056987258117e-01 4.025251251706307288e+06 -1.035183798521757126e-01
5.890100000000000000e+04 6.712500000000000000e+03 1.554867332881626680e+02 8.485707848077688187e-01 4.025246446375733241e+06 -5.168373417109251022e-01
5.890100000000000000e+04 6.717500000000000000e+03 1.238135194241461079e+02 6.865483580655140639e-01 4.025242025127867237e+06 -5.466077644377946854e-01
5.890100000000000000e+04 6.722500000000000000e+03 1.504870917470070140e+02 7.467018905172913001e-01 4.025238342185891233e+06 1.614044774323701859e-01
5.890100000000000000e+04 6.727500000000000000e+03 1.645406704214730951e+02 7.852731808677874126e-01 4.025233596399163362e+06 -1.939425463788211346e-01
5.890100000000000000e+04 6.732500000000000000e+03 1.670708147099772702e+02 8.835304091105434798e-01 4.025229418729759753e+06 1.831977721303701401e-02
5.890100000000000000e+04 6.737500000000000000e+03 1.579726457183226955e+02 8.722944700953512154e-01 4.025224849124057218e+06 -1.618577563203871250e-01
5.890100000000000000e+04 6.742500000000000000e+03 1.698758465945041110e+02 8.689664766047388023e-01 4.025220360818000045e+06 -2.612368441186845303e-01
5.890100000000000000e+04 6.747500000000000000e+03 1.513743131239067168e+02 7.551316530926942550e-01 4.025215825471567921e+06 -4.081571456044912338e-01
5.890100000000000000e+04 6.752500000000000000e+03 1.348808566679733758e+02 7.718405282839609916e-01 4.025211506687139161e+06 -3.390178610570728779e-01
5.890100000000000000e+04 6.757500000000000000e+03 1.387911358974979237e+02 7.102610372055002674e-01 4.025207135824506637e+06 -3.224626593291759491e-01
5.890100000000000000e+04 6.762500000000000000e+03 1.327968554248602118e+02 7.245766130560643559e-01 4.025203331260733772e+06 2.598802377469837666e-01
5.890100000000000000e+04 6.767500000000000000e+03 1.294524862313824087e+02 7.020075804186952650e-01 4.025198653461272828e+06 -3.153076441958546638e-02
5.890100000000000000e+04 6.772500000000000000e+03 1.712906500407003136e+02 8.386217486237071972e-01 4.025194194300577510e+06 -1.048299651592969894e-01
5.890100000000000000e+04 6.777500000000000000e+03 1.741691746031119123e+02 9.146772155257957282e-01 4.025190126728078350e+06 2.129216669127345085e-01
5.890100000000000000e+04 6.782500000000000000e+03 1.510045493730642647e+02 8.830912233546874823e-01 4.025185577161007095e+06 4.812937602400779724e-02
5.890100000000000000e+04 6.787500000000000000e+03 1.537976158467438097e+02 8.898607297009031303e-01 4.025181004602824803e+06 -1.402168907225131989e-01
5.890100000000000000e+04 6.792500000000000000e+03 1.518826730110627921e+02 8.157097253248130064e-01 4.025176558084010147e+06 -2.031016391701996326e-01
5.890100000000000000e+04 6.797500000000000000e+03 1.209970787019667853e+02 7.082397504419095657e-01 4.025172796226893552e+06 4.180810656398534775e-01
5.890100000000000000e+04 6.802500000000000000e+03 1.452807873983889237e+02 7.674721118799761044e-01 4.025168336010068189e+06 3.402920695953071117e-01
5.890100000000000000e+04 6.807500000000000000e+03 1.612957195800422880e+02 8.536299493471173339e-01 4.025163848539222032e+06 2.346180221065878868e-01
5.890100000000000000e+04 6.812500000000000000e+03 1.575650100195791197e+02 8.838170026545909552e-01 4.025159403861953877e+06 1.710862470790743828e-01
5.890100000000000000e+04 6.817500000000000000e+03 1.477145309461337490e+02 8.461880231155234355e-01 4.025154794321720954e+06 -5.798124801367521286e-02
5.890100000000000000e+04 6.822500000000000000e+03 1.623208246544529345e+02 8.696428468691077551e-01 4.025150898538174108e+06 4.260126240551471710e-01
5.890100000000000000e+04 6.827500000000000000e+03 1.559855321900043634e+02 8.265689766159540763e-01 4.025146198944842909e+06 1.054777675308287144e-01
5.890100000000000000e+04 6.832500000000000000e+03 1.397326231134378816e+02 7.535819482179655360e-01 4.025142037252647802e+06 3.221004838123917580e-01
5.890100000000000000e+04 6.837500000000000000e+03 1.338912076173352261e+02 7.308970039246057704e-01 4.025138156955303624e+06 8.193489252589643002e-01
5.890100000000000000e+04 6.842500000000000000e+03 1.689930196094464065e+02 9.023954268777074628e-01 4.025133721715564840e+06 7.608594042249023914e-01
5.890100000000000000e+04 6.847500000000000000e+03 1.726578579428723970e+02 8.996420695932526579e-01 4.025129529366140720e+06 9.444373650476336479e-01
5.890100000000000000e+04 6.852500000000000000e+03 1.508847730018562459e+02 8.750435759503617517e-01 4.025124580864218529e+06 3.710119691677391529e-01
5.890100000000000000e+04 6.857500000000000000e+03 1.582428471894992015e+02 8.427557089040913496e-01 4.025120162269836292e+06 3.266145228408277035e-01
5.890100000000000000e+04 6.862500000000000000e+03 1.579933510876202831e+02 8.830785743567196588e-01 4.025115782101860736e+06 3.197345151565968990e-01
5.890100000000000000e+04 6.867500000000000000e+03 1.481861699281252811e+02 7.879421054262403246e-01 4.025110880951746367e+06 -2.090665618889033794e-01
5.890100000000000000e+04 6.872500000000000000e+03 1.659599613712993573e+02 8.297866690696743541e-01 4.025106717918347567e+06 -7.203444838523864746e-04
5.890100000000000000e+04 6.877500000000000000e+03 1.297857445385131996e+02 7.024011691648971434e-01 4.025102911115895025e+06 5.628564376384019852e-01
5.890100000000000000e+04 6.882500000000000000e+03 1.510687259381562342e+02 7.805591189071879876e-01 4.025098441661639605e+06 4.627496646717190742e-01
5.890100000000000000e+04 6.887500000000000000e+03 1.393731414181821719e+02 7.632408618531164590e-01 4.025093965087304357e+06 3.544593406841158867e-01
5.890100000000000000e+04 6.892500000000000000e+03 1.495429108036046841e+02 8.390857230739513506e-01 4.025089237273423467e+06 -6.166013423353433609e-03
5.890100000000000000e+04 6.897500000000000000e+03 1.673661831053800881e+02 9.085961788665242178e-01 4.025084880186474882e+06 2.807833254337310791e-03
5.890100000000000000e+04 6.902500000000000000e+03 1.605805674210310201e+02 8.758761240691229633e-01 4.025080525513633620e+06 1.303563686087727547e-02
5.890100000000000000e+04 6.907500000000000000e+03 1.498861815847934906e+02 8.381132733727709727e-01 4.025076082525929902e+06 -6.624411046504974365e-02
5.890100000000000000e+04 6.912500000000000000e+03 1.203744195454596735e+02 7.312601677543509870e-01 4.025071720196727198e+06 -6.609063688665628433e-02
5.890100000000000000e+04 6.917500000000000000e+03 1.346531436911130868e+02 6.945677367415479253e-01 4.025067039064576384e+06 -3.859979822300374508e-01
5.890100000000000000e+04 6.922500000000000000e+03 1.282774253218426850e+02 7.070894156132477848e-01 4.025062980084948707e+06 -8.504320541396737099e-02
5.890100000000000000e+04 6.927500000000000000e+03 1.706358013517858865e+02 8.924273827429464179e-01 4.025058856835090555e+06 1.503185322508215904e-01
5.890100000000000000e+04 6.932500000000000000e+03 1.713211992663732985e+02 8.528362416469493779e-01 4.025054662650460843e+06 3.133904552087187767e-01
5.890100000000000000e+04 6.937500000000000000e+03 1.624335692555120261e+02 8.786441700954159550e-01 4.025049641678703483e+06 -3.517117826268076897e-01
5.890100000000000000e+04 6.942500000000000000e+03 1.632321804728724999e+02 8.862029184017556904e-01 4.025045106853448786e+06 -5.320862485095858574e-01
5.890100000000000000e+04 6.947500000000000000e+03 1.634650354207227281e+02 9.076459276996580172e-01 4.025041038395792246e+06 -2.475431887432932854e-01
5.890100000000000000e+04 6.952500000000000000e+03 1.518008020387894987e+02 7.981084460731693309e-01 4.025036428858715575e+06 -5.055605480447411537e-01
5.890100000000000000e+04 6.957500000000000000e+03 1.175834946257314471e+02 6.749981327731870984e-01 4.025031977370912675e+06 -6.070400862954556942e-01
5.890100000000000000e+04 6.962500000000000000e+03 1.383493263187895934e+02 7.541248895451705403e-01 4.025028214829286095e+06 -2.111482387408614159e-02
5.890100000000000000e+04 6.967500000000000000e+03 1.581121554724300893e+02 8.296807946360451602e-01 4.025023962263692636e+06 7.321576634421944618e-02
5.890100000000000000e+04 6.972500000000000000e+03 1.912233772114074668e+02 9.710346895543537915e-01 4.025019543831172865e+06 8.004344999790191650e-05
5.890100000000000000e+04 6.977500000000000000e+03 1.802246347522603855e+02 9.640660522608608396e-01 4.025015061050906777e+06 -1.390307852998375893e-01
5.890100000000000000e+04 6.982500000000000000e+03 1.794173024117588682e+02 1.000000000000000000e+00 4.025010672186232638e+06 -1.858805874362587929e-01
5.890100000000000000e+04 6.987500000000000000e+03 1.539747776950502782e+02 8.259908283686366870e-01 4.025006118641727138e+06 -3.990911645814776421e-01
5.890100000000000000e+04 6.992500000000000000e+03 1.593000253489171030e+02 8.517674126757804887e-01 4.025001906608500052e+06 -2.724969000555574894e-01
5.890100000000000000e+04 6.997500000000000000e+03 1.319341841125216490e+02 7.148468053799191813e-01 4.024997870780615602e+06 2.857172023504972458e-02
5.890100000000000000e+04 7.002500000000000000e+03 1.461215991049935781e+02 7.860499387100720048e-01 4.024993514242025558e+06 7.175101898610591888e-03
5.890100000000000000e+04 7.007500000000000000e+03 1.590771919378227892e+02 8.291250554739988399e-01 4.024989350701734424e+06 1.769997649826109409e-01
5.890100000000000000e+04 7.012500000000000000e+03 1.641636938068034226e+02 8.977012315915574581e-01 4.024984420353211928e+06 -4.217821853235363960e-01
5.890100000000000000e+04 7.017500000000000000e+03 1.704610166958208595e+02 9.021657362057210472e-01 4.024980201905687805e+06 -3.104817024432122707e-01
5.890100000000000000e+04 7.022500000000000000e+03 1.531415484399894922e+02 8.476696234506226890e-01 4.024975706993142609e+06 -4.774837535806000233e-01
5.890100000000000000e+04 7.027500000000000000e+03 1.359230106465319068e+02 7.795493208772102944e-01 4.024971530519966967e+06 -3.279015957377851009e-01
5.890100000000000000e+04 7.032500000000000000e+03 1.355861321743920485e+02 7.166067329151466492e-01 4.024967119779105764e+06 -4.144585770554840565e-01
5.890100000000000000e+04 7.037500000000000000e+03 1.328322316516037347e+02 7.245026846767981255e-01 4.024963083088291809e+06 -1.288518412038683891e-01
5.890100000000000000e+04 7.042500000000000000e+03 1.500585999517061566e+02 8.542011463570030605e-01 4.024959007021977101e+06 1.154796592891216278e-01
5.890100000000000000e+04 7.047500000000000000e+03 1.668870165380507444e+02 8.754927465127143593e-01 4.024954651586688589e+06 7.853058073669672012e-02
5.890100000000000000e+04 7.052500000000000000e+03 1.614200548803475499e+02 8.627285998737509454e-01 4.024950073781234212e+06 -1.827105474658310413e-01
5.890100000000000000e+04 7.057500000000000000e+03 1.833988364454728810e+02 9.618130708461184453e-01 4.024945668910678010e+06 -2.729472895152866840e-01
5.890100000000000000e+04 7.062500000000000000e+03 1.632741774504740988e+02 8.675790100119108450e-01 4.024941374482214451e+06 -2.546793706715106964e-01
5.890100000000000000e+04 7.067500000000000000e+03 1.406023920514527674e+02 7.600168845723419553e-01 4.024936739039166830e+06 -5.793686197139322758e-01
5.890100000000000000e+04 7.072500000000000000e+03 1.493377602441950103e+02 8.151662250019269251e-01 4.024933040796416812e+06 3.119652345776557922e-02
5.890100000000000000e+04 7.077500000000000000e+03 1.580707672684688703e+02 8.595868903157591889e-01 4.024928614886655938e+06 -8.785268850624561310e-02
5.890100000000000000e+04 7.082500000000000000e+03 1.671378656883275369e+02 8.956412210359350201e-01 4.024924368352248333e+06 -2.947338484227657318e-02
5.890100000000000000e+04 7.087500000000000000e+03 1.787092955298933816e+02 9.385788440197158078e-01 4.024919879099360202e+06 -2.157568871043622494e-01
5.890100000000000000e+04 7.092500000000000000e+03 1.699534177463515618e+02 8.919298150943191228e-01 4.024915404616501648e+06 -3.892101133242249489e-01
5.890100000000000000e+04 7.097500000000000000e+03 1.634008922454243873e+02 8.232993325673070295e-01 4.024911174501916394e+06 -3.202281249687075615e-01
5.890100000000000000e+04 7.102500000000000000e+03 1.472739724289249068e+02 7.610819593315434339e-01 4.024906742122455034e+06 -4.554351940751075745e-01
5.890100000000000000e+04 7.107500000000000000e+03 1.372415062722574817e+02 7.172859519887738733e-01 4.024903085381291341e+06 1.830829656682908535e-01
5.890100000000000000e+04 7.112500000000000000e+03 1.345494986539117406e+02 7.556956901069958876e-01 4.024898755181973334e+06 1.462433151900768280e-01
5.890100000000000000e+04 7.117500000000000000e+03 1.663858397510948919e+02 8.747713077597291109e-01 4.024894273518614471e+06 -4.394426150247454643e-02
5.890100000000000000e+04 7.122500000000000000e+03 1.722351775728479879e+02 9.446515546333236202e-01 4.024889994417354465e+06 -3.343544108793139458e-02
5.890100000000000000e+04 7.127500000000000000e+03 1.800345831648957358e+02 9.290522260975127011e-01 4.024885842306773178e+06 1.022190176881849766e-01
5.890100000000000000e+04 7.132500000000000000e+03 1.543238187681591000e+02 8.226686890753555081e-01 4.024881189762174152e+06 -2.643823884427547455e-01
5.890100000000000000e+04 7.137500000000000000e+03 1.155085780893075480e+02 6.554479936008378305e-01 4.024877064732676838e+06 -1.052647545002400875e-01
5.890100000000000000e+04 7.142500000000000000e+03 1.473610678288293343e+02 7.447081789835708898e-01 4.024873357039807364e+06 4.694218835793435574e-01
5.890100000000000000e+04 7.147500000000000000e+03 1.481587781272050108e+02 8.000829320476889883e-01 4.024868746535502840e+06 1.395606100559234619e-01
5.890100000000000000e+04 7.152500000000000000e+03 1.569899916094146022e+02 8.281414615210505037e-01 4.024864631297281012e+06 3.032628595829010010e-01
5.890100000000000000e+04 7.157500000000000000e+03 1.873868284822025032e+02 9.527835264981642238e-01 4.024860484098084271e+06 4.333383184857666492e-01
5.890100000000000000e+04 7.162500000000000000e+03 1.729108718816236774e+02 8.365621652397229324e-01 4.024856152425463777e+06 3.773141694255173206e-01
5.890100000000000000e+04 7.167500000000000000e+03 1.203484675738256442e+02 7.094310158869973071e-01 4.024851728949292563e+06 2.279028622433543205e-01
5.890100000000000000e+04 7.172500000000000000e+03 1.293480424898163221e+02 6.774415879636630500e-01 4.024847823679749854e+06 5.951601574197411537e-01
5.890100000000000000e+04 7.177500000000000000e+03 1.269479324351963498e+02 7.156812020839030675e-01 4.024843310335484333e+06 3.528533489443361759e-01
5.890100000000000000e+04 7.182500000000000000e+03 1.578251098524694953e+02 7.934317829611559070e-01 4.024839016551532783e+06 3.286692383699119091e-01
5.890100000000000000e+04 7.187500000000000000e+03 1.509793991316994379e+02 8.377972729434322030e-01 4.024834784471311606e+06 3.648061938583850861e-01
5.890100000000000000e+04 7.192500000000000000e+03 1.541997408732215149e+02 7.744075963031744614e-01 4.024830331169335637e+06 1.783969164825975895e-01
5.890100000000000000e+04 7.197500000000000000e+03 1.282235606924455169e+02 7.166981739152511466e-01 4.024826375674301758e+06 4.885315885767340660e-01
5.890100000000000000e+04 7.202500000000000000e+03 1.356931856356960679e+02 6.994794241148546421e-01 4.024821968229599763e+06 3.455184474587440491e-01
5.890100000000000000e+04 7.207500000000000000e+03 1.451849929077683328e+02 7.798933578799800426e-01 4.024818288217725232e+06 9.288082481361925602e-01
5.890100000000000000e+04 7.212500000000000000e+03 1.278898375942253267e+02 7.489129820861909481e-01 4.024813677772919182e+06 5.806069695390760899e-01
5.890100000000000000e+04 7.217500000000000000e+03 1.612408349884218808e+02 9.355397674109691142e-01 4.024809373850021977e+06 5.379447215236723423e-01
5.890100000000000000e+04 7.222500000000000000e+03 1.503260686929836822e+02 8.139724734669214756e-01 4.024805178017831407e+06 6.024691686034202576e-01
5.890100000000000000e+04 7.227500000000000000e+03 1.862792881774955447e+02 9.962400618261645358e-01 4.024800660993993748e+06 3.449804713018238544e-01
5.890100000000000000e+04 7.232500000000000000e+03 1.515243864728448955e+02 8.039398124790748668e-01 4.024795824899829458e+06 -2.323138220235705376e-01
5.890100000000000000e+04 7.237500000000000000e+03 1.360560211358742606e+02 7.370753112163569432e-01 4.024791883917673957e+06 8.485862193629145622e-02
5.890100000000000000e+04 7.242500000000000000e+03 1.391281422716027123e+02 6.897045457781116884e-01 4.024788217513552867e+06 6.760576539672911167e-01
5.890100000000000000e+04 7.247500000000000000e+03 1.590187654739425511e+02 8.045382839325292412e-01 4.024783195749751292e+06 -8.855672739446163177e-02
5.890100000000000000e+04 7.252500000000000000e+03 1.538523698339444934e+02 8.798139850219245384e-01 4.024779353901536204e+06 3.263924047350883484e-01
5.890100000000000000e+04 7.257500000000000000e+03 1.830766999895799074e+02 9.562350375384769396e-01 4.024774904224237427e+06 1.332660457119345665e-01
5.890100000000000000e+04 7.262500000000000000e+03 1.598248660499287723e+02 9.085912428355769066e-01 4.024770234610555228e+06 -2.799333753064274788e-01
5.890100000000000000e+04 7.267500000000000000e+03 1.479488023700664030e+02 8.115088663014577985e-01 4.024766128127141390e+06 -1.300253546796739101e-01
5.890100000000000000e+04 7.272500000000000000e+03 1.670485753208955657e+02 8.195745886580433348e-01 4.024761449799507391e+06 -5.518663460388779640e-01
5.890100000000000000e+04 7.277500000000000000e+03 1.378673965222815525e+02 7.269321448758317983e-01 4.024757998548941687e+06 2.535872138105332851e-01
5.890100000000000000e+04 7.282500000000000000e+03 1.421638750223625323e+02 7.857022618558436866e-01 4.024753504132238682e+06 1.621869346126914024e-02
5.890100000000000000e+04 7.287500000000000000e+03 1.592662167973758471e+02 8.477457657912373934e-01 4.024748973462515511e+06 -2.569278557784855366e-01
5.890100000000000000e+04 7.292500000000000000e+03 1.507510046406817423e+02 8.322760713832674240e-01 4.024744672279404011e+06 -2.999774520285427570e-01
5.890100000000000000e+04 7.297500000000000000e+03 1.691606833372742074e+02 9.130049928759130795e-01 4.024740291092931759e+06 -4.222802417352795601e-01
5.890100000000000000e+04 7.302500000000000000e+03 1.526577808086530013e+02 8.398197585958179223e-01 4.024735894356443547e+06 -5.592385171912610531e-01
5.890100000000000000e+04 7.307500000000000000e+03 1.370560718498023789e+02 7.337024841424465427e-01 4.024731662040093914e+06 -5.307331690564751625e-01
5.890100000000000000e+04 7.312500000000000000e+03 1.200543191277609765e+02 6.427681575501299482e-01 4.024727075968292542e+06 -8.547861785627901554e-01
5.890100000000000000e+04 7.317500000000000000e+03 1.214252361076491553e+02 7.018837039259282484e-01 4.024723360519850627e+06 -3.068604138679802418e-01
5.890100000000000000e+04 7.322500000000000000e+03 1.530595038132485399e+02 8.150447616263654105e-01 4.024719135666126851e+06 -2.668214249424636364e-01
5.890100000000000000e+04 7.327500000000000000e+03 1.596998244781244125e+02 8.640440945177375598e-01 4.024714929008072708e+06 -2.069003405049443245e-01
5.890100000000000000e+04 7.332500000000000000e+03 1.607006463022654259e+02 8.463138864744882417e-01 4.024710314073784743e+06 -5.533962552435696125e-01
5.890100000000000000e+04 7.337500000000000000e+03 1.400053371055102502e+02 7.417050653847857555e-01 4.024706369155798107e+06 -2.278388775885105133e-01
5.890100000000000000e+04 7.342500000000000000e+03 1.351369182384820249e+02 6.835776013073114887e-01 4.024701780255270191e+06 -5.440442878752946854e-01
5.890100000000000000e+04 7.347500000000000000e+03 1.268975506724968767e+02 6.821906002958237902e-01 4.024697850701066665e+06 -1.984957940876483917e-01
5.890100000000000000e+04 7.352500000000000000e+03 1.452988656070123739e+02 7.908580542201754104e-01 4.024693704872569535e+06 -6.662106327712535858e-02
5.890100000000000000e+04 7.357500000000000000e+03 1.551669837848790507e+02 8.625156912657130359e-01 4.024689396303227637e+06 -9.468851285055279732e-02
5.890100000000000000e+04 7.362500000000000000e+03 1.616434674141331698e+02 8.697465003381301685e-01 4.024685371559995692e+06 1.640721866860985756e-01
5.890100000000000000e+04 7.367500000000000000e+03 1.477258236358534020e+02 7.977943933690150313e-01 4.024680661470829975e+06 -2.593023325316607952e-01
5.890100000000000000e+04 7.372500000000000000e+03 1.236864946713514115e+02 6.963794737714185112e-01 4.024676347400784958e+06 -2.832329813390970230e-01
5.890100000000000000e+04 7.377500000000000000e+03 1.045904850222614755e+02 5.774667182413281141e-01 4.024672999022678938e+06 6.621725102886557579e-01
5.890100000000000000e+04 7.382500000000000000e+03 1.487371988344381464e+02 7.779668071478342828e-01 4.024668450462356675e+06 4.112649192102253437e-01
5.890100000000000000e+04 7.387500000000000000e+03 1.542677765678104720e+02 7.659831455535807132e-01 4.024663816286059096e+06 7.884095003828406334e-02
5.890100000000000000e+04 7.392500000000000000e+03 1.517238837573260071e+02 8.427377069527914877e-01 4.024659861404745840e+06 4.300476238131523132e-01
5.890100000000000000e+04 7.397500000000000000e+03 1.569564940361256618e+02 8.118649579569814367e-01 4.024655427254723385e+06 3.065629615448415279e-01
5.890100000000000000e+04 7.402500000000000000e+03 1.420080087323466955e+02 7.537690690924285786e-01 4.024650932354976889e+06 1.271533742547035217e-01
5.890100000000000000e+04 7.407500000000000000e+03 1.273396083603470288e+02 6.658905905552564564e-01 4.024646871229300741e+06 3.865958550013601780e-01
