# Observation conducted on 2020.05.30 at Wz rev. 2 
# Base frequency: 8400.50 MHz dF: 0.2 Hz dT: 0.00025 s 
# Format: Modified JD   |       Time(UTC) [s]    | Signal-to-Noise ratio  |      Spectral max      |  Freq. detection [Hz]  |  Doppler noise [Hz] 
# 
5.914300000000000000e+04 1.291500000000000000e+04 5.055686693094040720e+02 2.970336470061242835e+02 3.510667752282896079e+06 3.014468021297034284e-02
5.914300000000000000e+04 1.292519607843137237e+04 6.134255972549576654e+02 3.376973269957011325e+02 3.510663379110840615e+06 3.119939337364030507e-02
5.914300000000000000e+04 1.293539215686274474e+04 7.703274466994944305e+02 3.886237906498287771e+02 3.510658953380064573e+06 -1.274578321738317754e-02
5.914300000000000000e+04 1.294558823529411711e+04 5.820701672003082194e+02 3.422933602028023188e+02 3.510654560241130181e+06 -1.863147906760787009e-02
5.914300000000000000e+04 1.295578431372548948e+04 6.808350669863185658e+02 3.632405815586869267e+02 3.510650186019203626e+06 -2.006660218057731981e-03
5.914300000000000000e+04 1.296598039215686185e+04 5.780245178796582195e+02 3.348423516006152454e+02 3.510645773649922106e+06 -2.160253453143923252e-02
5.914300000000000000e+04 1.297617647058823604e+04 6.514308468019379461e+02 3.201188603207874053e+02 3.510641370515862480e+06 -3.150585431262697966e-02
5.914300000000000000e+04 1.298637254901960841e+04 5.545158482264505437e+02 2.785584341430790687e+02 3.510636989542508963e+06 -2.007272146670402435e-02
5.914300000000000000e+04 1.299656862745098078e+04 6.687585483576217484e+02 3.743648058357492232e+02 3.510632600951918866e+06 -1.818469686429580179e-02
5.914300000000000000e+04 1.300676470588235316e+04 6.131840847658070288e+02 3.344297176578183439e+02 3.510628249075220898e+06 1.755393171242758399e-02
5.914300000000000000e+04 1.301696078431372553e+04 5.569983261226992681e+02 3.352326946460152612e+02 3.510623836805357598e+06 -1.074088571647280332e-02
5.914300000000000000e+04 1.302715686274509790e+04 6.500865803430648384e+02 3.323751673021652664e+02 3.510619497258912306e+06 2.941909437936374161e-02
5.914300000000000000e+04 1.303735294117647027e+04 5.574649435918297513e+02 3.083577877965616949e+02 3.510615105697753374e+06 1.280628264555616624e-02
5.914300000000000000e+04 1.304754901960784264e+04 5.458429189032361819e+02 3.046969072039509570e+02 3.510610736404356081e+06 1.334280434741685895e-02
5.914300000000000000e+04 1.305774509803921501e+04 5.784463557941709269e+02 3.253279509609192814e+02 3.510606380927969702e+06 2.233689626700652298e-02
5.914300000000000000e+04 1.306794117647058738e+04 5.523936330252982998e+02 3.050889230418613920e+02 3.510602006659643259e+06 7.048157342751437682e-03
5.914300000000000000e+04 1.307813725490196157e+04 5.978341852501137055e+02 3.308667009780847366e+02 3.510597660786126275e+06 1.463167887209237961e-02
5.914300000000000000e+04 1.308833333333333394e+04 5.067309132572846124e+02 2.856463024053759341e+02 3.510593327497139573e+06 2.933554375363200961e-02
5.914300000000000000e+04 1.309852941176470631e+04 5.767700145449520051e+02 3.016440078705871883e+02 3.510588992730927654e+06 3.723660373702841753e-02
5.914300000000000000e+04 1.310872549019607868e+04 4.857350540456662316e+02 2.830087796026772367e+02 3.510584643781707622e+06 2.583815828302249429e-02
5.914300000000000000e+04 1.311892156862745105e+04 5.964183555373526815e+02 3.103898537383589087e+02 3.510580303403811064e+06 1.816432313364657603e-02
5.914300000000000000e+04 1.312911764705882342e+04 5.147101279888290719e+02 3.064445922819168686e+02 3.510575946509325877e+06 -1.055209930950695707e-02
5.914300000000000000e+04 1.313931372549019579e+04 5.807607779193671149e+02 3.304960791046465260e+02 3.510571622087275609e+06 -1.096021513876621611e-02
5.914300000000000000e+04 1.314950980392156816e+04 5.196766172148680880e+02 3.028712018561454329e+02 3.510567296805824153e+06 -1.599860341343628534e-02
5.914300000000000000e+04 1.315970588235294053e+04 5.410042311133482826e+02 2.590651463336903362e+02 3.510562969292909373e+06 -2.662445823489179020e-02
5.914300000000000000e+04 1.316990196078431291e+04 5.938127120385170201e+02 3.249544771314460263e+02 3.510558641144402791e+06 -4.081519865144400683e-02
5.914300000000000000e+04 1.318009803921568709e+04 6.067473201633277995e+02 3.342743200621993651e+02 3.510554359749299008e+06 -1.075305419806227292e-02
5.914300000000000000e+04 1.319029411764705947e+04 5.808404936971884354e+02 3.088717616232773366e+02 3.510550023453258909e+06 -3.767129093785115401e-02
5.914300000000000000e+04 1.320049019607843184e+04 5.765498288757461296e+02 3.112810524333012836e+02 3.510545744322514627e+06 -9.100081933638648479e-03
5.914300000000000000e+04 1.321068627450980421e+04 7.654623231975015187e+02 3.358182909270065579e+02 3.510541434575033374e+06 -1.244511475556464575e-02
5.914300000000000000e+04 1.322088235294117658e+04 6.970427835961112351e+02 3.382285782939360956e+02 3.510537109799569007e+06 -3.177831026971489337e-02
5.914300000000000000e+04 1.323107843137254895e+04 7.213002908128895569e+02 3.392163870945079225e+02 3.510532802850491833e+06 -3.395276928381463222e-02
5.914300000000000000e+04 1.324127450980392132e+04 4.336172022046384313e+02 2.570548434631256214e+02 3.510528524674368091e+06 -7.785961461308943399e-03
5.914300000000000000e+04 1.325147058823529369e+04 5.671324235197403141e+02 3.261026145779129592e+02 3.510524234036684502e+06 5.657225850086433638e-03
5.914300000000000000e+04 1.326166666666666606e+04 5.116091435904901914e+02 3.179044341628956545e+02 3.510519948740370572e+06 2.427323458744012896e-02
5.914300000000000000e+04 1.327186274509803843e+04 5.814492867566672203e+02 3.247099619951313798e+02 3.510515654429178219e+06 3.371344795948516548e-02
5.914300000000000000e+04 1.328205882352941262e+04 6.119315077615200380e+02 3.075087142612342745e+02 3.510511353107356466e+06 3.589408861739684653e-02
5.914300000000000000e+04 1.329225490196078499e+04 5.348831808657819238e+02 2.928048017738250337e+02 3.510507053032351658e+06 3.887914977565287700e-02
5.914300000000000000e+04 1.330245098039215736e+04 5.077270962700544032e+02 3.076709794636101378e+02 3.510502786849180702e+06 7.500499276522987202e-02
5.914300000000000000e+04 1.331264705882352973e+04 5.417092275085055917e+02 2.983741485871807413e+02 3.510498478722605854e+06 6.800275302134650701e-02
5.914300000000000000e+04 1.332284313725490210e+04 6.504038875030717008e+02 3.269815216346625562e+02 3.510494167147433385e+06 5.579886436953529483e-02
5.914300000000000000e+04 1.333303921568627447e+04 5.488403256368799248e+02 3.198606029754700444e+02 3.510489834706776775e+06 2.026354830843501986e-02
5.914300000000000000e+04 1.334323529411764684e+04 4.748291398565692703e+02 2.842210876408790909e+02 3.510485509508285206e+06 -1.136272465521415143e-02
5.914300000000000000e+04 1.335343137254901922e+04 4.980129685037504146e+02 2.412248108618857998e+02 3.510481176860038657e+06 -5.480311939243165398e-02
5.914300000000000000e+04 1.336362745098039159e+04 3.048441282030921684e+02 1.760233056222800769e+02 3.510476841838192660e+06 -1.061865581735901287e-01
5.914300000000000000e+04 1.337382352941176396e+04 3.674383925801802775e+02 2.061185135115269702e+02 3.510472431732212193e+06 -2.396122600913486167e-01
5.914300000000000000e+04 1.338401960784313633e+04 2.714077158548702187e+02 1.490478641044998085e+02 3.510468066774483304e+06 -3.364299056618165196e-01
5.914300000000000000e+04 1.339421568627451052e+04 2.247916712292752948e+02 1.373867724243529551e+02 3.510463668428326957e+06 -4.769613890033497228e-01
5.914300000000000000e+04 1.340441176470588289e+04 1.055263006756022648e+01 9.200154513802441869e+00 3.510472411060554907e+06 1.251116195917700225e+01
5.914300000000000000e+04 1.341460784313725526e+04 8.704894313196250621e+00 5.923346115310176963e+00 3.511152782034472097e+06 6.971130826072381979e+02
5.914300000000000000e+04 1.342480392156862763e+04 6.063203185295440889e+00 4.609654885546640379e+00 3.510460843704841100e+06 9.388702010061251713e+00
5.914300000000000000e+04 1.343500000000000000e+04 7.150168961742446427e+00 4.391380584919224894e+00 3.510317718439316843e+06 -1.295423077252609119e+02
