# Observation conducted on 2020.05.30 at Wz rev. 2 
# Base frequency: 8400.50 MHz dF: 0.2 Hz dT: 0.00025 s 
# Format: Modified JD   |       Time(UTC) [s]    | Signal-to-Noise ratio  |      Spectral max      |  Freq. detection [Hz]  |  Doppler noise [Hz] 
# 
5.914300000000000000e+04 1.230500000000000000e+04 6.489945716565497378e+02 3.171219918067806134e+02 3.510930264733286574e+06 3.582859912626190635e-03
5.914300000000000000e+04 1.231516666666666606e+04 5.806294495676868337e+02 3.054415070681151292e+02 3.510925783778893761e+06 -5.392995223132857063e-03
5.914300000000000000e+04 1.232533333333333394e+04 5.889637153782139194e+02 3.251438746499803756e+02 3.510921319820054341e+06 -3.872068580221821321e-04
5.914300000000000000e+04 1.233550000000000000e+04 7.490541798059939538e+02 3.586567856229754057e+02 3.510916854215108324e+06 -1.312462563873850740e-04
5.914300000000000000e+04 1.234566666666666606e+04 7.041671095576984953e+02 3.768372325594827430e+02 3.510912394534074236e+06 2.864871147494341130e-03
5.914300000000000000e+04 1.235583333333333394e+04 6.700445126311660715e+02 3.467257393006862003e+02 3.510907924991561100e+06 -7.254942789245433232e-03
5.914300000000000000e+04 1.236600000000000000e+04 6.349630871585470686e+02 3.613464357902821575e+02 3.510903465763889253e+06 -1.037616852966039005e-02
5.914300000000000000e+04 1.237616666666666606e+04 6.672629230371866242e+02 3.589057884195378278e+02 3.510899029410810210e+06 6.007596467497933190e-03
5.914300000000000000e+04 1.238633333333333394e+04 5.494427250189311280e+02 3.137336681402791783e+02 3.510894569689111784e+06 -4.392197954416587891e-03
5.914300000000000000e+04 1.239650000000000000e+04 5.234904184441430743e+02 3.273352237901080457e+02 3.510890136989326682e+06 8.777213187727284094e-03
5.914300000000000000e+04 1.240666666666666606e+04 7.773570040793143789e+02 3.595571624731763336e+02 3.510885682348076254e+06 -3.478189795828257047e-03
5.914300000000000000e+04 1.241683333333333394e+04 5.505091736650708754e+02 3.277949487579521133e+02 3.510881272246115375e+06 2.529839142277978681e-02
5.914300000000000000e+04 1.242700000000000000e+04 7.365468551574546154e+02 3.736633960283332954e+02 3.510876816503432579e+06 4.909233418970870844e-03
5.914300000000000000e+04 1.243716666666666606e+04 6.614244745594731967e+02 3.661588649815687404e+02 3.510872397182165179e+06 1.740456163815906621e-02
5.914300000000000000e+04 1.244733333333333394e+04 6.497482087678496327e+02 3.439872631134695666e+02 3.510867954782881308e+06 3.278392550555508933e-03
5.914300000000000000e+04 1.245750000000000000e+04 5.405493275860445692e+02 3.108727995229738781e+02 3.510863524194882251e+06 -2.581606561875560146e-03
5.914300000000000000e+04 1.246766666666666606e+04 6.519364391200469981e+02 3.394722724608603244e+02 3.510859084002698306e+06 -2.158806528791501478e-02
5.914300000000000000e+04 1.247783333333333394e+04 5.840323381069975994e+02 3.523473252694303710e+02 3.510854680223454256e+06 -7.716985149954780354e-03
5.914300000000000000e+04 1.248800000000000000e+04 5.806798116476152245e+02 3.081139649082437586e+02 3.510850292463671416e+06 1.864862338038619782e-02
5.914300000000000000e+04 1.249816666666666606e+04 5.400318752534908526e+02 2.995467981993936633e+02 3.510845851056963671e+06 -1.214401259221631335e-02
5.914300000000000000e+04 1.250833333333333394e+04 5.977034810309631894e+02 3.059099916878698764e+02 3.510841435095842462e+06 -2.098605672449593840e-02
5.914300000000000000e+04 1.251850000000000000e+04 6.406361773592279860e+02 3.697186367485361984e+02 3.510837059338764288e+06 6.899535236925657955e-03
5.914300000000000000e+04 1.252866666666666606e+04 5.790703486502632131e+02 3.375628006710171576e+02 3.510832636501184199e+06 -1.575136854705760925e-02
5.914300000000000000e+04 1.253883333333333394e+04 6.011451683982568284e+02 3.030829568531706855e+02 3.510828248893862590e+06 -6.606213945588024217e-03
5.914300000000000000e+04 1.254900000000000000e+04 4.966578205617075241e+02 3.017133265424499200e+02 3.510823862356164027e+06 1.970980388250609394e-04
5.914300000000000000e+04 1.255916666666666606e+04 7.139388356802982116e+02 3.591077144745325427e+02 3.510819453549945727e+06 -1.865634324371967523e-02
5.914300000000000000e+04 1.256933333333333394e+04 6.579115952230390576e+02 3.677029820482725881e+02 3.510815090183717664e+06 4.565260268805104715e-03
5.914300000000000000e+04 1.257950000000000000e+04 6.456284281413736608e+02 3.352573617367262955e+02 3.510810706848861650e+06 4.476191520780048450e-03
5.914300000000000000e+04 1.258966666666666606e+04 6.227229855559307907e+02 3.498544800624198956e+02 3.510806331423529424e+06 8.976677320447379316e-03
5.914300000000000000e+04 1.259983333333333394e+04 7.694057145807054212e+02 3.812340349734282086e+02 3.510801965986136347e+06 2.016593500911767478e-02
5.914300000000000000e+04 1.261000000000000000e+04 6.055550493875377924e+02 3.211388793041602980e+02 3.510797561568716075e+06 -1.090490869103177829e-02
5.914300000000000000e+04 1.262016666666666606e+04 5.611150093483724959e+02 3.378931627555239174e+02 3.510793192446088884e+06 -9.944094899879019067e-03
5.914300000000000000e+04 1.263033333333333394e+04 6.368952195027118250e+02 3.499673447577748107e+02 3.510788827456103172e+06 -8.099434685959749913e-03
5.914300000000000000e+04 1.264050000000000000e+04 7.050440560891850055e+02 3.502608637094782011e+02 3.510784475639934652e+06 3.681553061596787302e-03
5.914300000000000000e+04 1.265066666666666606e+04 6.921696299701972066e+02 3.952011356853274719e+02 3.510780130445976276e+06 1.885508696182114363e-02
5.914300000000000000e+04 1.266083333333333394e+04 6.427788675174466562e+02 3.643838118324829338e+02 3.510775752487197053e+06 -1.961963675285005593e-03
5.914300000000000000e+04 1.267100000000000000e+04 6.522885646186897475e+02 3.582056204412174907e+02 3.510771421051535290e+06 2.051788097776352515e-02
5.914300000000000000e+04 1.268116666666666606e+04 6.955933611767538878e+02 3.837078016382890837e+02 3.510767048054570798e+06 -1.795066443833093217e-03
5.914300000000000000e+04 1.269133333333333394e+04 6.714960984671247388e+02 3.479244225778381292e+02 3.510762714709421154e+06 1.230179817173393531e-02
5.914300000000000000e+04 1.270150000000000000e+04 5.708712689940374503e+02 3.455122149426196643e+02 3.510758346910013817e+06 -1.131380156459727004e-02
5.914300000000000000e+04 1.271166666666666606e+04 6.376106008267074685e+02 3.489860911577748652e+02 3.510754036695997231e+06 1.937544751581299352e-02
5.914300000000000000e+04 1.272183333333333394e+04 6.226305160885750638e+02 3.562005106045167508e+02 3.510749667497942224e+06 -1.222879122121867113e-02
5.914300000000000000e+04 1.273200000000000000e+04 6.194614924595899765e+02 3.753720796104096280e+02 3.510745323621164542e+06 -2.185712646235060674e-02
5.914300000000000000e+04 1.274216666666666606e+04 7.333021292791261203e+02 3.649637270862443756e+02 3.510741011383362580e+06 -3.235240726439769787e-03
5.914300000000000000e+04 1.275233333333333394e+04 6.862857608705186294e+02 3.608748441614017679e+02 3.510736678018923849e+06 -9.180026512126460148e-03
5.914300000000000000e+04 1.276250000000000000e+04 6.164924329774868283e+02 3.508718020286633532e+02 3.510732360892598983e+06 -2.386355333101164433e-03
5.914300000000000000e+04 1.277266666666666606e+04 5.830487485350306542e+02 3.139553182050827331e+02 3.510728038291521836e+06 -4.635498410948457604e-03
5.914300000000000000e+04 1.278283333333333394e+04 4.646452245893233339e+02 2.886228458807341894e+02 3.510723706178710330e+06 -2.004206777257877548e-02
5.914300000000000000e+04 1.279300000000000000e+04 6.379347082762874379e+02 3.174069138303072464e+02 3.510719417916932609e+06 4.669408389418094885e-03
5.914300000000000000e+04 1.280316666666666606e+04 5.621113519141144934e+02 3.400168172673113531e+02 3.510715089551189914e+06 -1.455347586886546196e-02
5.914300000000000000e+04 1.281333333333333394e+04 6.184730278845768225e+02 3.515456834412410103e+02 3.510710797328730579e+06 -1.571429674299906765e-03
5.914300000000000000e+04 1.282350000000000000e+04 6.395034152160955045e+02 3.267241053877132799e+02 3.510706514948392753e+06 1.719543524950495339e-02
5.914300000000000000e+04 1.283366666666666606e+04 5.410999548209991872e+02 3.287540279344713099e+02 3.510702198230807204e+06 -2.562634834589516686e-03
5.914300000000000000e+04 1.284383333333333394e+04 4.823732012740848631e+02 2.899384513144720472e+02 3.510697908513911068e+06 3.500334204318278353e-04
5.914300000000000000e+04 1.285400000000000000e+04 5.492731436500652080e+02 2.916375712640854090e+02 3.510693606361039914e+06 -1.365780414369055507e-02
5.914300000000000000e+04 1.286416666666666606e+04 5.142462909838693577e+02 2.847008472768714569e+02 3.510689332673721481e+06 -3.851962638009354123e-03
5.914300000000000000e+04 1.287433333333333394e+04 6.497128674354169107e+02 3.373855832349274806e+02 3.510685069984190632e+06 1.211924897165772563e-02
5.914300000000000000e+04 1.288450000000000000e+04 6.422091419500795837e+02 3.358357090996075840e+02 3.510680795708884019e+06 1.147807769075370743e-02
5.914300000000000000e+04 1.289466666666666606e+04 6.589849260071620165e+02 3.760097599317263075e+02 3.510676540966577828e+06 2.513502376541509875e-02
5.914300000000000000e+04 1.290483333333333394e+04 6.265162655426059928e+02 3.291000718980082524e+02 3.510672247978040017e+06 -4.911950478572180145e-03
5.914300000000000000e+04 1.291500000000000000e+04 5.127861612831577531e+02 3.052215168288083191e+02 3.510667957267636433e+06 -3.837625256016963249e-02
