# Observation conducted on 2020.05.30 at Wz rev. 2 
# Base frequency: 8400.50 MHz dF: 0.2 Hz dT: 0.00025 s 
# Format: Modified JD   |       Time(UTC) [s]    | Signal-to-Noise ratio  |      Spectral max      |  Freq. detection [Hz]  |  Doppler noise [Hz] 
# 
5.914300000000000000e+04 1.165500000000000000e+04 5.819070400860783820e+02 3.015426288328646365e+02 3.511216643608222250e+06 -2.837566055575280188e-02
5.914300000000000000e+04 1.166517543859649049e+04 5.818823667486254863e+02 3.467010017196060403e+02 3.511212096801696811e+06 -3.984398007105482975e-03
5.914300000000000000e+04 1.167535087719298281e+04 6.040358369010182287e+02 3.585331062865969898e+02 3.511207544414016418e+06 5.497761986248406174e-03
5.914300000000000000e+04 1.168552631578947330e+04 7.016333680229247420e+02 3.960504726061458314e+02 3.511202990299620666e+06 5.164996681287448155e-03
5.914300000000000000e+04 1.169570175438596561e+04 7.317053589142072951e+02 3.439147405247494476e+02 3.511198433389499784e+06 -4.948353039026187616e-03
5.914300000000000000e+04 1.170587719298245611e+04 7.044778237657627642e+02 3.681300076151304665e+02 3.511193908718896098e+06 1.116657115517227794e-02
5.914300000000000000e+04 1.171605263157894660e+04 7.620833703615838886e+02 3.319401401880639924e+02 3.511189387812891975e+06 2.588538315978894389e-02
5.914300000000000000e+04 1.172622807017543892e+04 6.754479215456944985e+02 3.508814042799212416e+02 3.511184843489262275e+06 1.275996467916229449e-02
5.914300000000000000e+04 1.173640350877192941e+04 5.872692846331283363e+02 2.977360568713654061e+02 3.511180310493516736e+06 7.160154919574779342e-03
5.914300000000000000e+04 1.174657894736842172e+04 6.081124732648901272e+02 3.691559652764352677e+02 3.511175786338655744e+06 7.120162428009280120e-03
5.914300000000000000e+04 1.175675438596491222e+04 6.596359817502948317e+02 3.811178596090161363e+02 3.511171255317300558e+06 -2.642650354118813993e-03
5.914300000000000000e+04 1.176692982456140271e+04 8.669448721982322468e+02 4.267483487218111122e+02 3.511166736742605921e+06 -2.480203773075118079e-03
5.914300000000000000e+04 1.177710526315789502e+04 6.401064433289323006e+02 3.898850689119414596e+02 3.511162213565944694e+06 -9.189359635456639808e-03
5.914300000000000000e+04 1.178728070175438552e+04 7.404927889212300443e+02 3.862625036807433503e+02 3.511157703272305895e+06 -5.109874237746225845e-03
5.914300000000000000e+04 1.179745614035087783e+04 5.947314413141133400e+02 3.340423154100662373e+02 3.511153193867122754e+06 -2.130911197809837176e-03
5.914300000000000000e+04 1.180763157894736833e+04 6.874055891246371175e+02 3.381014521613371926e+02 3.511148654207574669e+06 -3.135309137667263713e-02
5.914300000000000000e+04 1.181780701754385882e+04 5.373385449705622250e+02 3.285200804488468407e+02 3.511144158073760569e+06 -1.901066180255384097e-02
5.914300000000000000e+04 1.182798245614035113e+04 7.035592966441049612e+02 3.716217851385883364e+02 3.511139650789437350e+06 -1.984410983777706861e-02
5.914300000000000000e+04 1.183815789473684163e+04 6.675076475747105178e+02 3.474303745239471368e+02 3.511135167141216341e+06 8.256960034032090334e-04
5.914300000000000000e+04 1.184833333333333394e+04 4.886599730330681837e+02 3.221465176486366317e+02 3.511130649843854364e+06 -1.443055936476866918e-02
5.914300000000000000e+04 1.185850877192982443e+04 6.192322393722539573e+02 3.455162026086161973e+02 3.511126155265587382e+06 -9.418644604124892794e-03
5.914300000000000000e+04 1.186868421052631493e+04 6.784667854108906795e+02 3.325552856498431424e+02 3.511121670032503083e+06 2.290243838160677115e-03
5.914300000000000000e+04 1.187885964912280724e+04 5.365144521232871284e+02 3.050452942592142449e+02 3.511117179675885011e+06 6.013475350982844247e-03
5.914300000000000000e+04 1.188903508771929774e+04 6.578298855821503821e+02 3.426184409623449483e+02 3.511112695299735758e+06 1.263116681741394132e-02
5.914300000000000000e+04 1.189921052631579005e+04 6.433959350718718042e+02 3.459427409638463473e+02 3.511108189085067715e+06 -5.902877384187377174e-03
5.914300000000000000e+04 1.190938596491228054e+04 6.200079389801268235e+02 3.518262136739821813e+02 3.511103698464779649e+06 -1.237963306175515754e-02
5.914300000000000000e+04 1.191956140350877104e+04 5.514389146734671385e+02 2.987079226038807747e+02 3.511099262333734892e+06 3.188187350394855457e-02
5.914300000000000000e+04 1.192973684210526335e+04 5.762958677930256499e+02 3.339145080080165258e+02 3.511094762089311611e+06 8.081773417529802828e-03
5.914300000000000000e+04 1.193991228070175384e+04 5.935929790735033293e+02 3.169040542999450736e+02 3.511090302979033906e+06 2.129363336985079513e-02
5.914300000000000000e+04 1.195008771929824616e+04 6.800362693438056567e+02 3.792780515970565602e+02 3.511085825319408439e+06 1.168994998579364619e-02
5.914300000000000000e+04 1.196026315789473665e+04 5.476861926290011979e+02 3.444945254721853303e+02 3.511081370367360767e+06 2.042023885041999165e-02
5.914300000000000000e+04 1.197043859649122896e+04 6.097367342432012265e+02 3.695346797602673519e+02 3.511076906582237687e+06 1.587969069919381582e-02
5.914300000000000000e+04 1.198061403508771946e+04 6.231358853936980040e+02 3.394081381784554310e+02 3.511072448096086737e+06 1.218610176363199571e-02
5.914300000000000000e+04 1.199078947368420995e+04 6.670318801660017698e+02 3.306808786773014504e+02 3.511067987436641939e+06 1.909514849216975563e-03
5.914300000000000000e+04 1.200096491228070226e+04 5.759424140640704763e+02 3.485525540100170474e+02 3.511063541295798961e+06 1.847349769263928465e-03
5.914300000000000000e+04 1.201114035087719276e+04 5.934522672360265005e+02 3.409853621436376443e+02 3.511059119937760755e+06 2.243919799059312936e-02
5.914300000000000000e+04 1.202131578947368507e+04 6.470935905485475814e+02 3.529765906381184664e+02 3.511054665433562361e+06 6.008003552892660082e-03
5.914300000000000000e+04 1.203149122807017557e+04 8.057216585003843647e+02 3.811317918684973733e+02 3.511050230866527651e+06 5.972174097109927970e-03
5.914300000000000000e+04 1.204166666666666606e+04 5.493166870059186522e+02 3.166247207646266588e+02 3.511045773844625335e+06 -1.963541290569992270e-02
5.914300000000000000e+04 1.205184210526315837e+04 6.987536066297674324e+02 3.946359980494022466e+02 3.511041364663866814e+06 2.645081508489965927e-06
5.914300000000000000e+04 1.206201754385964887e+04 5.272782026740701440e+02 3.363447003509613182e+02 3.511036909977524076e+06 -2.783585758447770786e-02
5.914300000000000000e+04 1.207219298245614118e+04 6.084164792789016474e+02 3.361676297611848554e+02 3.511032482475481927e+06 -2.972672427495126612e-02
5.914300000000000000e+04 1.208236842105263167e+04 7.576150376806454005e+02 3.759339401258357611e+02 3.511028059773604386e+06 -2.720334117611855618e-02
5.914300000000000000e+04 1.209254385964912217e+04 6.147568337422352442e+02 3.319539693473609532e+02 3.511023652260420844e+06 -8.903332391582807759e-03
5.914300000000000000e+04 1.210271929824561448e+04 6.493198764738535829e+02 3.687431926046155013e+02 3.511019198431804776e+06 -3.522723356240931025e-02
5.914300000000000000e+04 1.211289473684210498e+04 6.080562163339219524e+02 3.787078849083138721e+02 3.511014773967067245e+06 -2.925574013295317854e-02
5.914300000000000000e+04 1.212307017543859729e+04 6.250463805784218039e+02 3.252435319351095018e+02 3.511010359099681489e+06 -9.372332696898411086e-03
5.914300000000000000e+04 1.213324561403508778e+04 6.911607096011323392e+02 3.558082605693381311e+02 3.511005930329844356e+06 2.455939919286720396e-03
5.914300000000000000e+04 1.214342105263157828e+04 5.969362902645112854e+02 3.353047546365133371e+02 3.511001481102884747e+06 1.363521508892517886e-03
5.914300000000000000e+04 1.215359649122807059e+04 5.428557725095894284e+02 3.150563337118076106e+02 3.510997058046092745e+06 3.582983170429088204e-02
5.914300000000000000e+04 1.216377192982456108e+04 6.918007670214340123e+02 3.623039536049426488e+02 3.510992587003818713e+06 3.372101753166134586e-02
5.914300000000000000e+04 1.217394736842105340e+04 6.109679391801976180e+02 3.592031034887888268e+02 3.510988155100625474e+06 8.435975851364219125e-02
5.914300000000000000e+04 1.218412280701754389e+04 7.005138172669144296e+02 3.734694969118621088e+02 3.510983584894270636e+06 1.268490555457901792e-02
5.914300000000000000e+04 1.219429824561403439e+04 6.593134149170446108e+02 3.488618145913205240e+02 3.510979055558833294e+06 4.412570314116237569e-04
5.914300000000000000e+04 1.220447368421052670e+04 6.276125631323002381e+02 3.001167691562599202e+02 3.510974481870103162e+06 -3.482839667697135155e-02
5.914300000000000000e+04 1.221464912280701719e+04 6.647828519180180820e+02 3.565968480650891479e+02 3.510969935330654960e+06 -1.865154517065548134e-02
5.914300000000000000e+04 1.222482456140350951e+04 6.525668395565738820e+02 3.765623906711289237e+02 3.510965336935496889e+06 -2.685365638114944886e-02
5.914300000000000000e+04 1.223500000000000000e+04 3.985571945401241010e+02 2.385017060464509484e+02 3.510960780278189573e+06 3.755459439389596810e-02
