# Observation conducted on 2020.05.30 at Mc rev. 2 
# Base frequency: 8400.50 MHz dF: 0.2 Hz dT: 0.00025 s 
# Format: Modified JD   |       Time(UTC) [s]    | Signal-to-Noise ratio  |      Spectral max      |  Freq. detection [Hz]  |  Doppler noise [Hz] 
# 
5.899900000000000000e+04 1.230500000000000000e+04 8.880053794625582668e+02 4.509173617209173699e+02 3.510241428494492080e+06 -2.057142145190482552e-03
5.899900000000000000e+04 1.231516666666666606e+04 3.063681542365962969e+02 2.174853611598999805e+02 3.510236669542174321e+06 -3.980771276815175952e-03
5.899900000000000000e+04 1.232533333333333394e+04 2.785836837038482372e+02 1.974690393090317286e+02 3.510231919466207735e+06 -2.327949590949174308e-03
5.899900000000000000e+04 1.233550000000000000e+04 3.152506620098032499e+02 2.189540825191983231e+02 3.510227177527243271e+06 2.444991833044696250e-03
5.899900000000000000e+04 1.234566666666666606e+04 3.212397543355603489e+02 2.171674926176170288e+02 3.510222437386617530e+06 4.255588879686911241e-03
5.899900000000000000e+04 1.235583333333333394e+04 3.078543638461480327e+02 2.096790295474980041e+02 3.510217698847902939e+06 3.137882588248430693e-03
5.899900000000000000e+04 1.236600000000000000e+04 4.699527684589791647e+02 3.035575794455049845e+02 3.510212976316443644e+06 1.370304884335382667e-02
5.899900000000000000e+04 1.237616666666666606e+04 9.550406290135177869e+02 4.939652102469406714e+02 3.510208234012725297e+06 3.538566564884604304e-04
5.899900000000000000e+04 1.238633333333333394e+04 1.014406908845029193e+03 4.539922215171795870e+02 3.510203514090703800e+06 5.404092622825373837e-03
5.899900000000000000e+04 1.239650000000000000e+04 9.896997425635198624e+02 4.621669200584285591e+02 3.510198785887289792e+06 -1.670869753866099927e-03
5.899900000000000000e+04 1.240666666666666606e+04 9.840832802967146336e+02 4.544492348062772180e+02 3.510194065244667698e+06 -4.910651832005896722e-03
5.899900000000000000e+04 1.241683333333333394e+04 1.025587669438776402e+03 4.899069999236393755e+02 3.510189355402436573e+06 -9.766447108177089831e-04
5.899900000000000000e+04 1.242700000000000000e+04 8.330021643228412813e+02 4.451493513875007579e+02 3.510184647799209692e+06 1.650685420599984354e-03
5.899900000000000000e+04 1.243716666666666606e+04 9.409447417901806148e+02 4.860613297658442207e+02 3.510179937862308230e+06 -1.537416902806398866e-03
5.899900000000000000e+04 1.244733333333333394e+04 8.100504852505366671e+02 4.574199547568317143e+02 3.510175236350181047e+06 2.655126791069051251e-04
5.899900000000000000e+04 1.245750000000000000e+04 9.548941786346580329e+02 4.923954006359753635e+02 3.510170536122356541e+06 -4.780047845542867435e-05
5.899900000000000000e+04 1.246766666666666606e+04 7.725885937618596699e+02 4.725388110245416442e+02 3.510165836487434339e+06 -3.149280758407257963e-03
5.899900000000000000e+04 1.247783333333333394e+04 1.053763997202528344e+03 4.892806949934197860e+02 3.510161146367011126e+06 -1.104910977574036224e-04
5.899900000000000000e+04 1.248800000000000000e+04 7.944534279140757462e+02 4.720914046433891258e+02 3.510156461613467429e+06 4.916248693461966468e-03
5.899900000000000000e+04 1.249816666666666606e+04 7.338414214325383682e+02 4.358755861566629051e+02 3.510151770663701463e+06 3.526848424826312112e-04
5.899900000000000000e+04 1.250833333333333394e+04 8.019420631420861127e+02 4.811368356771700405e+02 3.510147086583609693e+06 -7.597967144192807609e-04
5.899900000000000000e+04 1.251850000000000000e+04 7.915433857933179524e+02 4.579907481061563317e+02 3.510142406658852473e+06 -1.168314042729434732e-03
5.899900000000000000e+04 1.252866666666666606e+04 6.936317076424320476e+02 4.292779573512147522e+02 3.510137730135392398e+06 -1.666859945203214011e-03
5.899900000000000000e+04 1.253883333333333394e+04 7.027754786825211113e+02 4.240527174830883723e+02 3.510133059064000379e+06 -2.507033547090031789e-04
5.899900000000000000e+04 1.254900000000000000e+04 7.623777409836272909e+02 4.306063573351090668e+02 3.510128389823194128e+06 -5.923622456975863315e-04
5.899900000000000000e+04 1.255916666666666606e+04 1.008734090484683975e+03 4.544014215956006524e+02 3.510123724010729231e+06 -1.149016736917474191e-03
5.899900000000000000e+04 1.256933333333333394e+04 9.021595747903563733e+02 5.184861175569325269e+02 3.510119061024063267e+06 -2.580957806912920205e-03
5.899900000000000000e+04 1.257950000000000000e+04 9.255348331736212231e+02 4.737575433013652741e+02 3.510114405851935036e+06 4.108567145522101782e-05
5.899900000000000000e+04 1.258966666666666606e+04 8.667528704265946544e+02 4.705288427004932146e+02 3.510109752738996409e+06 9.016695261152563035e-04
5.899900000000000000e+04 1.259983333333333394e+04 9.626653891486909060e+02 4.604997005316207606e+02 3.510105098284534179e+06 -3.459554076243875897e-03
5.899900000000000000e+04 1.261000000000000000e+04 8.353514849597787588e+02 4.668909721912709756e+02 3.510100456192569807e+06 6.033580110624825465e-04
5.899900000000000000e+04 1.262016666666666606e+04 8.656382046500755223e+02 4.310324815388399315e+02 3.510095813395198900e+06 -3.293320344255334930e-05
5.899900000000000000e+04 1.263033333333333394e+04 9.374624510053646418e+02 4.849863352937942977e+02 3.510091177249781787e+06 1.937235083460109308e-03
5.899900000000000000e+04 1.264050000000000000e+04 9.454629256923939238e+02 5.076088387692752804e+02 3.510086543946150690e+06 2.656827428381802747e-03
5.899900000000000000e+04 1.265066666666666606e+04 8.612795147281767640e+02 5.032371800540421987e+02 3.510081917141859885e+06 5.742447729403465928e-03
5.899900000000000000e+04 1.266083333333333394e+04 8.755087480089906649e+02 5.125123143452434533e+02 3.510077282229723874e+06 -3.447027428592264187e-03
5.899900000000000000e+04 1.267100000000000000e+04 9.758255592024270300e+02 4.786784807118241929e+02 3.510072664210568648e+06 6.339180481518269517e-05
5.899900000000000000e+04 1.268116666666666606e+04 9.735663706845557499e+02 5.033545912405132867e+02 3.510068050860318821e+06 4.032987456980663410e-03
5.899900000000000000e+04 1.269133333333333394e+04 9.248747493252687946e+02 4.474725904087658819e+02 3.510063435921945143e+06 2.198371863187276176e-03
5.899900000000000000e+04 1.270150000000000000e+04 8.364772803419671163e+02 4.950197540967759551e+02 3.510058828654908109e+06 3.824025127073582553e-03
5.899900000000000000e+04 1.271166666666666606e+04 9.541561655406007958e+02 4.938942532858393974e+02 3.510054222723355517e+06 2.591580540752147499e-03
5.899900000000000000e+04 1.272183333333333394e+04 9.116805046448984058e+02 4.557850169525401611e+02 3.510049615321375895e+06 -4.273828660871004104e-03
5.899900000000000000e+04 1.273200000000000000e+04 1.043549327326736829e+03 4.932029050670826678e+02 3.510045022222536616e+06 -9.529388363489488256e-04
5.899900000000000000e+04 1.274216666666666606e+04 7.474872775688901356e+02 4.730925682490694726e+02 3.510040430547123309e+06 -2.640283282744348980e-04
5.899900000000000000e+04 1.275233333333333394e+04 8.709956657067848482e+02 4.672440624205096356e+02 3.510035841217229608e+06 -1.206731966362895037e-03
5.899900000000000000e+04 1.276250000000000000e+04 8.102128386147376204e+02 4.395583189818217988e+02 3.510031260268350597e+06 2.350637137737976445e-03
5.899900000000000000e+04 1.277266666666666606e+04 8.933752688931091370e+02 4.939302172979462853e+02 3.510026678250127938e+06 1.072933169211864879e-03
5.899900000000000000e+04 1.278283333333333394e+04 8.684566332524303789e+02 4.398514592522687394e+02 3.510022094676379114e+06 -5.390711328914221667e-03
5.899900000000000000e+04 1.279300000000000000e+04 9.060270782913675021e+02 4.501422624310696392e+02 3.510017524834630080e+06 -1.596254464061530598e-03
5.899900000000000000e+04 1.280316666666666606e+04 7.450405656537765253e+02 4.348467163955152159e+02 3.510012951166647021e+06 -4.923124483639185200e-03
5.899900000000000000e+04 1.281333333333333394e+04 8.130569194571522758e+02 4.431919801346189161e+02 3.510008383184356149e+06 -5.657210047388616658e-03
5.899900000000000000e+04 1.282350000000000000e+04 8.544195534786081225e+02 4.429273494073659663e+02 3.510003823027411941e+06 -1.432198419934138656e-03
5.899900000000000000e+04 1.283366666666666606e+04 9.376833923885818649e+02 4.744749591736051570e+02 3.509999259154557250e+06 -3.537123889032045554e-03
5.899900000000000000e+04 1.284383333333333394e+04 9.427942772651524592e+02 4.804519555547818186e+02 3.509994701240655500e+06 -2.018246655552502489e-03
5.899900000000000000e+04 1.285400000000000000e+04 7.902108060680214976e+02 4.354675532321531932e+02 3.509990143791042734e+06 -2.063606572050957766e-03
5.899900000000000000e+04 1.286416666666666606e+04 9.770591684473575924e+02 4.692441549522951050e+02 3.509985591637411620e+06 1.493950063490956381e-03
5.899900000000000000e+04 1.287433333333333394e+04 8.303722300533706857e+02 4.362364296661538674e+02 3.509981041225583293e+06 5.465634941629105015e-03
5.899900000000000000e+04 1.288450000000000000e+04 8.547445821640326358e+02 4.661525598590740174e+02 3.509976491005655378e+06 8.697956318087562977e-03
5.899900000000000000e+04 1.289466666666666606e+04 7.061667464725696846e+02 4.505004097436178085e+02 3.509971947920081671e+06 1.856189036720934382e-02
5.899900000000000000e+04 1.290483333333333394e+04 8.190682765476384475e+02 5.079019661577392526e+02 3.509967392389773391e+06 1.594007466485436453e-02
5.899900000000000000e+04 1.291500000000000000e+04 8.870637488870916059e+02 4.522268584158424574e+02 3.509962798566229176e+06 -2.451997318871690368e-02
