# Observation conducted on 2020.05.30 at Mc rev. 2 
# Base frequency: 8400.50 MHz dF: 0.2 Hz dT: 0.00025 s 
# Format: Modified JD   |       Time(UTC) [s]    | Signal-to-Noise ratio  |      Spectral max      |  Freq. detection [Hz]  |  Doppler noise [Hz] 
# 
5.899900000000000000e+04 1.165500000000000000e+04 7.353665506198196908e+02 3.747961549348237895e+02 3.510546624449715484e+06 -3.564554557226529141e-02
5.899900000000000000e+04 1.166517543859649049e+04 7.253201954408137908e+02 4.306916481264019012e+02 3.510541763723707758e+06 -1.100561106215991458e-02
5.899900000000000000e+04 1.167535087719298281e+04 7.435684881609792001e+02 4.548714336169404646e+02 3.510536905964275822e+06 4.556621048664055706e-03
5.899900000000000000e+04 1.168552631578947330e+04 7.782382817300713214e+02 4.444309556061005537e+02 3.510532051659740508e+06 1.312609219326077437e-02
5.899900000000000000e+04 1.169570175438596561e+04 8.577000707301770035e+02 4.568849041860395346e+02 3.510527198525165673e+06 1.384834283442160086e-02
5.899900000000000000e+04 1.170587719298245611e+04 8.724897993070677558e+02 4.851045014844110028e+02 3.510522351745510474e+06 1.318039141960980487e-02
5.899900000000000000e+04 1.171605263157894660e+04 7.786890070220636062e+02 4.131099629507336886e+02 3.510517514129047748e+06 1.505188408907542907e-02
5.899900000000000000e+04 1.172622807017543892e+04 8.527996420115423462e+02 4.423937280857270480e+02 3.510512679929515347e+06 1.469497568973565649e-02
5.899900000000000000e+04 1.173640350877192941e+04 9.212340389856784668e+02 4.571523345837049987e+02 3.510507850943996571e+06 1.474993685087611084e-02
5.899900000000000000e+04 1.174657894736842172e+04 8.511866851072852569e+02 4.673942895184496820e+02 3.510503012766400818e+06 1.526365849144895037e-03
5.899900000000000000e+04 1.175675438596491222e+04 8.112389055625659466e+02 4.603572229097089235e+02 3.510498194596590474e+06 4.820044390498878784e-03
5.899900000000000000e+04 1.176692982456140271e+04 9.122239796925798601e+02 4.810415301561235992e+02 3.510493367109393701e+06 -4.210319266348960809e-03
5.899900000000000000e+04 1.177710526315789502e+04 8.574373946947415561e+02 4.906417696420760421e+02 3.510488548580538947e+06 -6.909428800213390787e-03
5.899900000000000000e+04 1.178728070175438552e+04 1.046274509183333748e+03 4.690592306066699280e+02 3.510483730755377095e+06 -1.124894688939548359e-02
5.899900000000000000e+04 1.179745614035087783e+04 8.096501425213863286e+02 4.471398164617514794e+02 3.510478920069620945e+06 -1.059902539429913304e-02
5.899900000000000000e+04 1.180763157894736833e+04 8.226681271448538837e+02 4.741436545669193947e+02 3.510474110429660883e+06 -1.094026411578852276e-02
5.899900000000000000e+04 1.181780701754385882e+04 7.651043571805479360e+02 4.611166684238884841e+02 3.510469297830277588e+06 -1.623826410832407419e-02
5.899900000000000000e+04 1.182798245614035113e+04 9.202804239551691126e+02 4.600030086029525478e+02 3.510464496303167194e+06 -1.248737751518547157e-02
5.899900000000000000e+04 1.183815789473684163e+04 8.332931613297951117e+02 4.367507358908586070e+02 3.510459693863312714e+06 -1.175660299293213029e-02
5.899900000000000000e+04 1.184833333333333394e+04 9.350827342940735889e+02 4.579345115776329749e+02 3.510454885199330281e+06 -1.949151348810573836e-02
5.899900000000000000e+04 1.185850877192982443e+04 8.659146764607397699e+02 4.711038562279824191e+02 3.510450091728101950e+06 -1.445189165940519160e-02
5.899900000000000000e+04 1.186868421052631493e+04 7.912827028907951217e+02 4.390825140077241713e+02 3.510445302980131004e+06 -7.318646565295239270e-03
5.899900000000000000e+04 1.187885964912280724e+04 8.863663861359251541e+02 4.405698419121723077e+02 3.510440512147847097e+06 -5.137780845188899548e-03
5.899900000000000000e+04 1.188903508771929774e+04 9.151491885663589301e+02 4.704996117690370170e+02 3.510435725489873905e+06 -1.908389069171789743e-03
5.899900000000000000e+04 1.189921052631579005e+04 7.570272903053031541e+02 4.356331460723373539e+02 3.510430947644554079e+06 6.738590955592371756e-03
5.899900000000000000e+04 1.190938596491228054e+04 7.624498164528242796e+02 4.365658008701281574e+02 3.510426167346203234e+06 9.264366755587616353e-03
5.899900000000000000e+04 1.191956140350877104e+04 7.598881220152936748e+02 4.729652135470570897e+02 3.510421393516397569e+06 1.432130269245135423e-02
5.899900000000000000e+04 1.192973684210526335e+04 9.926946051962481761e+02 4.993026098670243869e+02 3.510416617960616946e+06 1.345729692991426418e-02
5.899900000000000000e+04 1.193991228070175384e+04 9.119411413589015183e+02 5.042412806176475897e+02 3.510411851890796330e+06 1.764606012466174434e-02
5.899900000000000000e+04 1.195008771929824616e+04 9.047624041683770884e+02 4.896677740659540063e+02 3.510407088744598906e+06 2.011411599028178898e-02
5.899900000000000000e+04 1.196026315789473665e+04 8.751937442557414215e+02 4.871722796807970894e+02 3.510402324189841282e+06 1.635296141103026457e-02
5.899900000000000000e+04 1.197043859649122896e+04 8.474597322408006903e+02 4.544379274378286482e+02 3.510397570637868717e+06 1.864016354181785573e-02
5.899900000000000000e+04 1.198061403508771946e+04 7.685019264044943839e+02 4.229506829557964238e+02 3.510392821465150453e+06 2.026868985126384359e-02
5.899900000000000000e+04 1.199078947368420995e+04 8.360837185181859468e+02 4.413590540585295230e+02 3.510388078380034771e+06 2.292139207531818101e-02
5.899900000000000000e+04 1.200096491228070226e+04 7.900457067633715269e+02 4.499038163525405025e+02 3.510383330959568266e+06 1.621555157134935143e-02
5.899900000000000000e+04 1.201114035087719276e+04 8.578747893528851591e+02 4.728991391570344831e+02 3.510378587434906978e+06 8.496022285385151918e-03
5.899900000000000000e+04 1.202131578947368507e+04 7.787042233266505491e+02 4.698689368172058494e+02 3.510373849687928800e+06 1.839572122321442293e-03
5.899900000000000000e+04 1.203149122807017557e+04 8.359636122376493859e+02 4.999167518038331650e+02 3.510369114815813024e+06 -6.372808844957944530e-03
5.899900000000000000e+04 1.204166666666666606e+04 8.417706978112380511e+02 4.769415919226445340e+02 3.510364387281897943e+06 -1.129732169317776425e-02
5.899900000000000000e+04 1.205184210526315837e+04 8.719708123662634307e+02 4.772237774969564725e+02 3.510359663751264103e+06 -1.578404352210327488e-02
5.899900000000000000e+04 1.206201754385964887e+04 7.190257438535934398e+02 4.518521428026853073e+02 3.510354944549918175e+06 -1.891001911428702442e-02
5.899900000000000000e+04 1.207219298245614118e+04 7.467527101749875555e+02 4.548111747159658762e+02 3.510350223280852661e+06 -2.635546740998506721e-02
5.899900000000000000e+04 1.208236842105263167e+04 8.738589992711628156e+02 4.853646906013973421e+02 3.510345506584918592e+06 -3.063518228145767353e-02
5.899900000000000000e+04 1.209254385964912217e+04 9.560757353541304155e+02 5.080213346496243503e+02 3.510340791612476110e+06 -3.361915094569667417e-02
5.899900000000000000e+04 1.210271929824561448e+04 9.579883178158063401e+02 5.111596835253643576e+02 3.510336077729322016e+06 -3.481889792408310313e-02
5.899900000000000000e+04 1.211289473684210498e+04 8.151867697934950456e+02 4.601636165811412980e+02 3.510331362860885449e+06 -3.503556063094492856e-02
5.899900000000000000e+04 1.212307017543859729e+04 9.121595981207938166e+02 4.817097393598589292e+02 3.510326659058395773e+06 -2.078599156186555774e-02
5.899900000000000000e+04 1.213324561403508778e+04 7.770334842243186131e+02 4.444094281937985897e+02 3.510321949931745883e+06 -6.862165577103951364e-03
5.899900000000000000e+04 1.214342105263157828e+04 9.021059373331597726e+02 4.837048324856996260e+02 3.510317240718701854e+06 1.374575948580059048e-02
5.899900000000000000e+04 1.215359649122807059e+04 8.927346006829301359e+02 4.816963285240773871e+02 3.510312529085003771e+06 4.065727045326639200e-02
5.899900000000000000e+04 1.216377192982456108e+04 9.195455770852812520e+02 4.986816866623624946e+02 3.510307822652230039e+06 8.363709651735007355e-02
5.899900000000000000e+04 1.217394736842105340e+04 9.768255520419875211e+02 4.876134425949035176e+02 3.510303040171629749e+06 6.377676753800187726e-02
5.899900000000000000e+04 1.218412280701754389e+04 7.690251493617579399e+02 4.137657647443305677e+02 3.510298212267205585e+06 1.424542638278580853e-02
5.899900000000000000e+04 1.219429824561403439e+04 7.971689374216288115e+02 4.591567329624435274e+02 3.510293381080194842e+06 -2.005795848447178287e-02
5.899900000000000000e+04 1.220447368421052670e+04 8.631963434274291558e+02 4.519791050757895619e+02 3.510288540016278625e+06 -4.274965662716567749e-02
5.899900000000000000e+04 1.221464912280701719e+04 9.991040657056586269e+02 5.024993061504546858e+02 3.510283701185394544e+06 -3.851363308797317586e-02
5.899900000000000000e+04 1.222482456140350951e+04 8.634846458395302307e+02 4.693595199315595892e+02 3.510278845174067654e+06 -2.332148650066301343e-02
5.899900000000000000e+04 1.223500000000000000e+04 8.896379816355497496e+02 4.450214393579048533e+02 3.510273994047601242e+06 2.857746729171140032e-02
