# Observation conducted on 2020.05.30 at Mc rev. 2 
# Base frequency: 8400.50 MHz dF: 0.2 Hz dT: 0.00025 s 
# Format: Modified JD   |       Time(UTC) [s]    | Signal-to-Noise ratio  |      Spectral max      |  Freq. detection [Hz]  |  Doppler noise [Hz] 
# 
5.899900000000000000e+04 1.291500000000000000e+04 8.251204183823576841e+02 4.645427972110481960e+02 3.509962731701753102e+06 1.728101324022190965e-02
5.899900000000000000e+04 1.292519607843137237e+04 9.626059547935881255e+02 4.887479729840763980e+02 3.509958061825488228e+06 4.126890907741653791e-03
5.899900000000000000e+04 1.293539215686274474e+04 8.417111008317672258e+02 4.728147346673385982e+02 3.509953399644175079e+06 -1.482520806007414649e-03
5.899900000000000000e+04 1.294558823529411711e+04 9.513642700417922242e+02 4.758307389020857840e+02 3.509948733235021587e+06 -1.219885781802076963e-02
5.899900000000000000e+04 1.295578431372548948e+04 8.391242189324287892e+02 4.918754693294892490e+02 3.509944079925562721e+06 -1.135114788610280812e-02
5.899900000000000000e+04 1.296598039215686185e+04 9.507824201838177487e+02 4.941624725637449842e+02 3.509939432348275557e+06 -6.894121890582027845e-03
5.899900000000000000e+04 1.297617647058823604e+04 7.010674890899475713e+02 4.398660085093668499e+02 3.509934781031484716e+06 -8.820237028430710780e-03
5.899900000000000000e+04 1.298637254901960841e+04 9.020201875627831214e+02 4.582420156797110167e+02 3.509930138346459717e+06 -5.215507042635181278e-03
5.899900000000000000e+04 1.299656862745098078e+04 8.908182503680834543e+02 4.655910929951314756e+02 3.509925494662162382e+06 -6.107683629011262383e-03
5.899900000000000000e+04 1.300676470588235316e+04 9.195424492907455942e+02 4.772792391094056939e+02 3.509920865881098434e+06 4.066667931169831718e-03
5.899900000000000000e+04 1.301696078431372553e+04 9.078778771686615983e+02 4.644122049254960984e+02 3.509916224433520343e+06 -2.546556440393032972e-03
5.899900000000000000e+04 1.302715686274509790e+04 8.034288872028482729e+02 4.495511539093296847e+02 3.509911609644384589e+06 1.314502972184072860e-02
5.899900000000000000e+04 1.303735294117647027e+04 8.049880025968177506e+02 4.643441369819302622e+02 3.509906981184714939e+06 1.062873806165498536e-02
5.899900000000000000e+04 1.304754901960784264e+04 8.356008009281905515e+02 4.442030287703951785e+02 3.509902362591919955e+06 1.330419566102136741e-02
5.899900000000000000e+04 1.305774509803921501e+04 7.709043682176867378e+02 4.704701545561275111e+02 3.509897743076316081e+06 1.028694097010429687e-02
5.899900000000000000e+04 1.306794117647058738e+04 9.190779642764421169e+02 4.862050414783490737e+02 3.509893126599248499e+06 5.483614557874716411e-03
5.899900000000000000e+04 1.307813725490196157e+04 7.719180905837955606e+02 4.577825602240965850e+02 3.509888522026625462e+06 7.742567078139472869e-03
5.899900000000000000e+04 1.308833333333333394e+04 7.055490387725487835e+02 3.963959393918625551e+02 3.509883917241316754e+06 4.963329660313320346e-03
5.899900000000000000e+04 1.309852941176470631e+04 8.278320444601927193e+02 4.384607682489692593e+02 3.509879319318509661e+06 4.269040366125409491e-03
5.899900000000000000e+04 1.310872549019607868e+04 7.449204349473418461e+02 4.301412682120413820e+02 3.509874725085833576e+06 2.563644296174061310e-03
5.899900000000000000e+04 1.311892156862745105e+04 8.750096740397088979e+02 4.748079533173684581e+02 3.509870137874310836e+06 3.279911913182331773e-03
5.899900000000000000e+04 1.312911764705882342e+04 8.479429891143155373e+02 4.672209646338107518e+02 3.509865549521371722e+06 -1.620469988665718120e-03
5.899900000000000000e+04 1.313931372549019579e+04 9.011677034085613514e+02 4.639995353208431084e+02 3.509860968310480937e+06 -3.710202556476360769e-03
5.899900000000000000e+04 1.314950980392156816e+04 7.767610388200835132e+02 4.237667565898324256e+02 3.509856389462188818e+06 -7.608249470649752766e-03
5.899900000000000000e+04 1.315970588235294053e+04 7.837770791857573158e+02 4.295258405206952261e+02 3.509851815743204672e+06 -1.037369273444710416e-02
5.899900000000000000e+04 1.316990196078431291e+04 8.295231971159490740e+02 4.545254085387831537e+02 3.509847251339980867e+06 -7.635076259475681582e-03
5.899900000000000000e+04 1.318009803921568709e+04 9.765266177771134153e+02 4.513766940039614610e+02 3.509842687199275475e+06 -8.252772993273538304e-03
5.899900000000000000e+04 1.319029411764705947e+04 8.323110169646861323e+02 4.487829731096625778e+02 3.509838124456079211e+06 -1.089398160740984167e-02
5.899900000000000000e+04 1.320049019607843184e+04 1.006642408634083949e+03 4.994867441602933695e+02 3.509833569359077141e+06 -9.110196595429442823e-03
5.899900000000000000e+04 1.321068627450980421e+04 9.843530832772328267e+02 4.405460908992931195e+02 3.509829021351422649e+06 -3.259362255789710616e-03
5.899900000000000000e+04 1.322088235294117658e+04 6.986779977183658730e+02 4.346690645656444190e+02 3.509824466008835938e+06 -7.570698002041353902e-03
5.899900000000000000e+04 1.323107843137254895e+04 7.858739358031435813e+02 4.417992252996821776e+02 3.509819919727534521e+06 -5.459701636141289782e-03
5.899900000000000000e+04 1.324127450980392132e+04 8.038272137538729112e+02 4.550841017956157089e+02 3.509815374406162649e+06 -4.849143765227381664e-03
5.899900000000000000e+04 1.325147058823529369e+04 7.783829285914013099e+02 4.340737106351520538e+02 3.509810833521545865e+06 -2.096242005109161255e-03
5.899900000000000000e+04 1.326166666666666606e+04 7.479976966456772516e+02 4.400286006651950856e+02 3.509806300430558156e+06 6.306276339046235080e-03
5.899900000000000000e+04 1.327186274509803843e+04 7.573158715270284347e+02 4.075900370947190936e+02 3.509801765227662399e+06 1.058478924358041695e-02
5.899900000000000000e+04 1.328205882352941262e+04 7.466250765904235323e+02 4.337448542710175730e+02 3.509797231998944189e+06 1.493588438506776583e-02
5.899900000000000000e+04 1.329225490196078499e+04 7.441163501626881498e+02 4.076777435169004775e+02 3.509792691413240042e+06 1.011456042920144682e-02
5.899900000000000000e+04 1.330245098039215736e+04 8.022408201397987568e+02 4.134943733237477659e+02 3.509788162913435604e+06 1.562259445290692383e-02
5.899900000000000000e+04 1.331264705882352973e+04 7.581167114155238096e+02 3.827601647046798803e+02 3.509783638526912779e+06 2.351606689967411512e-02
5.899900000000000000e+04 1.332284313725490210e+04 8.328397474139205769e+02 4.630746899102532552e+02 3.509779103087587282e+06 1.862446365419145877e-02
5.899900000000000000e+04 1.333303921568627447e+04 9.507234485939325168e+02 4.456564531132686966e+02 3.509774569570135791e+06 1.388198205427215726e-02
5.899900000000000000e+04 1.334323529411764684e+04 8.137557862418990453e+02 4.111741421154843579e+02 3.509770037099380977e+06 8.333982654903593357e-03
5.899900000000000000e+04 1.335343137254901922e+04 7.576019864833474458e+02 3.935811697433011886e+02 3.509765503824074753e+06 7.849503390389145352e-06
5.899900000000000000e+04 1.336362745098039159e+04 7.003904073961712129e+02 3.716685400894745612e+02 3.509760963035474531e+06 -1.797136741481608624e-02
5.899900000000000000e+04 1.337382352941176396e+04 6.405693304608208791e+02 3.546401803027741835e+02 3.509756430212322157e+06 -3.033889530831856973e-02
5.899900000000000000e+04 1.338401960784313633e+04 7.884727778714407123e+02 3.716662216089232516e+02 3.509751880560979247e+06 -6.215303442240838194e-02
5.899900000000000000e+04 1.339421568627451052e+04 6.079090291396868224e+02 3.576501102814605701e+02 3.509747328756726347e+06 -9.905678837617415411e-02
5.899900000000000000e+04 1.340441176470588289e+04 1.218318973743166467e+01 9.065322765201377919e+00 3.509757370642220136e+06 1.445441767059719496e+01
5.899900000000000000e+04 1.341460784313725526e+04 7.388237816338525832e+00 5.316327999330083820e+00 3.510496261627739761e+06 7.578532463138097910e+02
5.899900000000000000e+04 1.342480392156862763e+04 7.804789088693704358e+00 5.055860339299815820e+00 3.510192810033327900e+06 4.589052524725725561e+02
5.899900000000000000e+04 1.343500000000000000e+04 6.288563081177254155e+00 5.017200533209059898e+00 3.509226030566310044e+06 -5.033754185703306234e+02
