# Observation conducted on 2020.10.21 at O6 rev. 2 
# Base frequency: 8400.50 MHz dF: 0.2 Hz dT: 0.00025 s 
# Format: Modified JD   |       Time(UTC) [s]    | Signal-to-Noise ratio  |      Spectral max      |  Freq. detection [Hz]  |  Doppler noise [Hz] 
# 
5.914300000000000000e+04 1.290500000000000000e+04 1.316466503238104337e+02 7.539146741383869710e+01 3.512164749883501790e+06 4.923279781360179186e-01
5.914300000000000000e+04 1.291519230769230853e+04 1.743578146140153535e+02 9.411325323146881772e+01 3.512160503120459151e+06 1.911796348390453204e-01
5.914300000000000000e+04 1.292538461538461524e+04 1.371191822500348110e+02 9.159325509215280192e+01 3.512156227877711412e+06 -3.234502147518014681e-02
5.914300000000000000e+04 1.293557692307692378e+04 1.686526233694939094e+02 1.025127278575521927e+02 3.512151950782278553e+06 -1.727620075146205636e-01
5.914300000000000000e+04 1.294576923076923049e+04 2.297298353153923642e+02 1.156640225312165171e+02 3.512147693768313155e+06 -2.269592660222770064e-01
5.914300000000000000e+04 1.295596153846153902e+04 1.475156006051727502e+02 8.949311312237266236e+01 3.512143438478439115e+06 -2.299094257375600137e-01
5.914300000000000000e+04 1.296615384615384573e+04 1.794554535205452055e+02 1.007962976977155307e+02 3.512139183816084173e+06 -1.972315662384289681e-01
5.914300000000000000e+04 1.297634615384615427e+04 1.585833852398058070e+02 9.575374292356859485e+01 3.512134925396096893e+06 -1.458547020603191413e-01
5.914300000000000000e+04 1.298653846153846098e+04 1.450033973098579168e+02 8.148573113096614406e+01 3.512130678122275975e+06 -7.155435091920026025e-02
5.914300000000000000e+04 1.299673076923076951e+04 1.653265679766399217e+02 1.005300950648678224e+02 3.512126441066521220e+06 1.581251780862658052e-02
5.914300000000000000e+04 1.300692307692307622e+04 1.624386453205370344e+02 9.718851287815181195e+01 3.512122183850293979e+06 7.857484437283801526e-02
5.914300000000000000e+04 1.301711538461538476e+04 1.071936619396973072e+02 6.565005421059146329e+01 3.512117948849611450e+06 1.533383747574816880e-01
5.914300000000000000e+04 1.302730769230769147e+04 1.507256379103812947e+02 8.684141535261422007e+01 3.512113715831414796e+06 2.155079298817099698e-01
5.914300000000000000e+04 1.303750000000000000e+04 1.532754555167777539e+02 9.456036474810682080e+01 3.512109457952355500e+06 2.351720917987449866e-01
5.914300000000000000e+04 1.304769230769230853e+04 1.364518319066896197e+02 8.065512880280320474e+01 3.512105230415653437e+06 2.656459641017363538e-01
5.914300000000000000e+04 1.305788461538461524e+04 1.415348017952622683e+02 8.522057114127153454e+01 3.512100996954039205e+06 2.698400147862685117e-01
5.914300000000000000e+04 1.306807692307692378e+04 1.751682111188269744e+02 9.057461072739073416e+01 3.512096771825958975e+06 2.621421825326706312e-01
5.914300000000000000e+04 1.307826923076923049e+04 1.023535316335315173e+02 6.763358682080132667e+01 3.512092546609293204e+06 2.350974963686667252e-01
5.914300000000000000e+04 1.308846153846153902e+04 1.136185213070657056e+02 6.708279839522684540e+01 3.512088319760356098e+06 1.888529752662861938e-01
5.914300000000000000e+04 1.309865384615384573e+04 1.412773208288647595e+02 8.881671374684012221e+01 3.512084103981747758e+06 1.384113839636711418e-01
5.914300000000000000e+04 1.310884615384615427e+04 1.341575357978312582e+02 8.362159821615908584e+01 3.512079896700388286e+06 8.399516394524653151e-02
5.914300000000000000e+04 1.311903846153846098e+04 1.101402614799818878e+02 6.914253808661023015e+01 3.512075683680518530e+06 1.454534044330557663e-02
5.914300000000000000e+04 1.312923076923076951e+04 1.041337778378194514e+02 7.459317438640978537e+01 3.512071465506788809e+06 -6.590949316318983620e-02
5.914300000000000000e+04 1.313942307692307622e+04 1.252680334001472318e+02 7.644927876788734977e+01 3.512067274142352398e+06 -1.218091757262982355e-01
5.914300000000000000e+04 1.314961538461538476e+04 1.366504062110171276e+02 8.685348202481480939e+01 3.512063071067412384e+06 -1.880375337191253493e-01
5.914300000000000000e+04 1.315980769230769147e+04 1.250116358832298431e+02 7.621844928520189910e+01 3.512058874894935638e+06 -2.424207653560870313e-01
5.914300000000000000e+04 1.317000000000000000e+04 1.234688503757394784e+02 8.115553473836665432e+01 3.512054658668425865e+06 -3.085437669200246091e-01
5.914300000000000000e+04 1.318019230769230853e+04 1.210255414702146197e+02 7.539102775799520373e+01 3.512050495496230200e+06 -3.102299229543632464e-01
5.914300000000000000e+04 1.319038461538461524e+04 1.479308485512257789e+02 8.351713063962156980e+01 3.512046290145208128e+06 -3.400615393605903591e-01
5.914300000000000000e+04 1.320057692307692378e+04 1.595440568600087374e+02 9.120299333159385924e+01 3.512042088591980748e+06 -3.499426898612227887e-01
5.914300000000000000e+04 1.321076923076923049e+04 1.233636388078376740e+02 7.321350018781910762e+01 3.512037908169460017e+06 -3.210667889587739410e-01
5.914300000000000000e+04 1.322096153846153902e+04 1.380584240086245984e+02 7.624463809009796478e+01 3.512033712418831885e+06 -2.891787048120022519e-01
5.914300000000000000e+04 1.323115384615384573e+04 1.333362447226225243e+02 7.263558341497693505e+01 3.512029507898441050e+06 -2.478799754806004785e-01
5.914300000000000000e+04 1.324134615384615427e+04 1.200406980767213554e+02 6.683077051529889445e+01 3.512025335107298102e+06 -1.578193997685275463e-01
5.914300000000000000e+04 1.325153846153846098e+04 1.473413980487703725e+02 8.236014409241310830e+01 3.512021152915654704e+06 -6.237656037546912557e-02
5.914300000000000000e+04 1.326173076923076951e+04 1.521027130671247676e+02 9.016274104149223945e+01 3.512016969891184475e+06 4.355025666097844805e-02
5.914300000000000000e+04 1.327192307692307622e+04 1.769162922006007648e+02 9.966139693815146927e+01 3.512012773577258922e+06 1.427082395156276107e-01
5.914300000000000000e+04 1.328211538461538476e+04 1.547581116348057435e+02 7.813862545878677679e+01 3.512008598202200606e+06 2.630852050565408717e-01
5.914300000000000000e+04 1.329230769230769147e+04 1.518966070370557873e+02 8.728665194266739036e+01 3.512004415519369766e+06 3.686355883370424635e-01
5.914300000000000000e+04 1.330250000000000000e+04 1.387350101633699921e+02 8.999116059088390784e+01 3.512000219548731577e+06 4.439079058919332965e-01
5.914300000000000000e+04 1.331269230769230853e+04 1.539846045072742413e+02 8.967451028476506281e+01 3.511996043168747798e+06 5.105225540019091568e-01
5.914300000000000000e+04 1.332288461538461524e+04 1.202111113465228271e+02 7.368166620913591203e+01 3.511991838365954813e+06 5.073072848598485507e-01
5.914300000000000000e+04 1.333307692307692378e+04 1.529016532527444667e+02 8.582474579859415087e+01 3.511987641566092614e+06 4.555142366394875353e-01
5.914300000000000000e+04 1.334326923076923049e+04 1.077135815896542255e+02 5.804349839324035543e+01 3.511983451778143179e+06 3.368498733307205839e-01
5.914300000000000000e+04 1.335346153846153902e+04 1.121319247246644011e+02 6.399295699608448018e+01 3.511979264052099548e+06 1.268186574678793477e-01
5.914300000000000000e+04 1.336365384615384573e+04 1.246131910093543524e+02 7.663852073646286556e+01 3.511975046164788306e+06 -2.287052309601449451e-01
5.914300000000000000e+04 1.337384615384615427e+04 8.756997697979193163e+01 4.946307266481357345e+01 3.511970848363059573e+06 -7.038488014833319539e-01
5.914300000000000000e+04 1.338403846153846098e+04 9.843162153881580423e+01 5.530996176920383078e+01 3.511966612244633492e+06 -1.383973502819458190e+00
5.914300000000000000e+04 1.339423076923076951e+04 9.983058002851480239e+01 5.551455270439520007e+01 3.511962404033343773e+06 -2.232514083153773754e+00
5.914300000000000000e+04 1.340442307692307622e+04 5.884933850447610304e+00 5.353946683757210501e+00 3.511985121818576008e+06 2.361614675252621964e+01
5.914300000000000000e+04 1.341461538461538476e+04 7.367818996494823303e+00 5.778771724667128851e+00 3.511740444790548179e+06 -2.181942004757662517e+02
5.914300000000000000e+04 1.342480769230769147e+04 7.015541622772881070e+00 4.712974822917603390e+00 3.511966847409352195e+06 1.077246291780193133e+01
5.914300000000000000e+04 1.343500000000000000e+04 7.340614426821352900e+00 5.474631019941652355e+00 3.512360186429220252e+06 4.063312939527645540e+02
