# Observation conducted on 2020.10.21 at Wb rev. 2 
# Base frequency: 8400.50 MHz dF: 0.2 Hz dT: 0.00025 s 
# Format: Modified JD   |       Time(UTC) [s]    | Signal-to-Noise ratio  |      Spectral max      |  Freq. detection [Hz]  |  Doppler noise [Hz] 
# 
5.914300000000000000e+04 1.165500000000000000e+04 8.024116850539272150e+01 4.812250080695351073e+01 3.512147936557276640e+06 -2.608615634221678192e-02
5.914300000000000000e+04 1.166517857142857065e+04 5.401237741373834922e+01 3.163728108629114999e+01 3.512142918161126785e+06 -1.459148316985192650e-02
5.914300000000000000e+04 1.167535714285714312e+04 5.646894402061524687e+01 3.700690447658257654e+01 3.512137913225601893e+06 3.163040742151679297e-03
5.914300000000000000e+04 1.168553571428571377e+04 6.466950325450378045e+01 3.655987146580255853e+01 3.512132910462928005e+06 1.660963675487892033e-02
5.914300000000000000e+04 1.169571428571428623e+04 6.211873574055531577e+01 3.893794295418230433e+01 3.512127903703141026e+06 2.023026672577543650e-02
5.914300000000000000e+04 1.170589285714285688e+04 8.473780377293013544e+01 5.051402272411198169e+01 3.512122902514240704e+06 2.417987690944300994e-02
5.914300000000000000e+04 1.171607142857142935e+04 6.766362490675267338e+01 3.897250574865555706e+01 3.512117893318798393e+06 1.540609083417621150e-02
5.914300000000000000e+04 1.172625000000000000e+04 6.026077673516541466e+01 4.097331376016449411e+01 3.512112904616920277e+06 2.287526069403611473e-02
5.914300000000000000e+04 1.173642857142857065e+04 4.727372590234813998e+01 3.002697942375915474e+01 3.512107906729266047e+06 1.731857427921568160e-02
5.914300000000000000e+04 1.174660714285714312e+04 6.342760240823175621e+01 3.805440218789295415e+01 3.512102900019802619e+06 -5.421041257704928285e-04
5.914300000000000000e+04 1.175678571428571377e+04 6.622900798281088441e+01 3.810528311256121725e+01 3.512097924930523615e+06 1.004357273700406950e-02
5.914300000000000000e+04 1.176696428571428623e+04 5.210989111845136534e+01 3.304480750530152733e+01 3.512092918031275738e+06 -1.409265181655428023e-02
5.914300000000000000e+04 1.177714285714285688e+04 8.362571770714234276e+01 4.731054436665766616e+01 3.512087929361920804e+06 -2.269238593396494252e-02
5.914300000000000000e+04 1.178732142857142935e+04 6.538092905522475462e+01 3.606788450319179873e+01 3.512082952843876556e+06 -2.165596276142878196e-02
5.914300000000000000e+04 1.179750000000000000e+04 6.386726853725811992e+01 3.698651177006136237e+01 3.512077993655033875e+06 -5.664438204121324816e-03
5.914300000000000000e+04 1.180767857142857065e+04 6.040593848160501267e+01 3.631933357376513527e+01 3.512073004143489525e+06 -2.226276511203195696e-02
5.914300000000000000e+04 1.181785714285714312e+04 7.650523301312300362e+01 4.316556067606418168e+01 3.512068056053780951e+06 3.695236905514320824e-04
5.914300000000000000e+04 1.182803571428571377e+04 6.385004815141093104e+01 4.376049441465906398e+01 3.512063076287143398e+06 -1.081833593627834489e-02
5.914300000000000000e+04 1.183821428571428623e+04 7.504143071145796284e+01 4.129651644494011009e+01 3.512058081790447701e+06 -3.885631758203089703e-02
5.914300000000000000e+04 1.184839285714285688e+04 5.041293812730584989e+01 3.005482138135384673e+01 3.512053154694586992e+06 -1.612127883390712668e-03
5.914300000000000000e+04 1.185857142857142935e+04 4.519456973561290170e+01 2.884335467395256458e+01 3.512048192176753189e+06 -1.925842226455642958e-03
5.914300000000000000e+04 1.186875000000000000e+04 5.860990179794791999e+01 3.575802222770925454e+01 3.512043219126275275e+06 -1.494098118280362542e-02
5.914300000000000000e+04 1.187892857142857065e+04 8.178984115403514465e+01 4.609849969994448315e+01 3.512038271265765186e+06 -4.980274415174790192e-03
5.914300000000000000e+04 1.188910714285714312e+04 6.361588623486944982e+01 4.128268493919706827e+01 3.512033327524158638e+06 6.830465967141208239e-03
5.914300000000000000e+04 1.189928571428571377e+04 5.799817152226077610e+01 3.318913254771104704e+01 3.512028374913429841e+06 7.442146120524739672e-03
5.914300000000000000e+04 1.190946428571428623e+04 4.617904611607909260e+01 2.688025831917568809e+01 3.512023435254239477e+06 1.861113079360166012e-02
5.914300000000000000e+04 1.191964285714285688e+04 7.467251161771447698e+01 4.591398947617366133e+01 3.512018471025885083e+06 2.752276168052958383e-03
5.914300000000000000e+04 1.192982142857142935e+04 7.033710877928591287e+01 4.147111303827180961e+01 3.512013538341948297e+06 1.591766807973726827e-02
5.914300000000000000e+04 1.194000000000000000e+04 9.986892880475886614e+01 5.381461665770515879e+01 3.512008599212853238e+06 2.006226426055945922e-02
5.914300000000000000e+04 1.195017857142857065e+04 5.919920998020215563e+01 3.563860012732556015e+01 3.512003660423166584e+06 2.192428732848838990e-02
5.914300000000000000e+04 1.196035714285714312e+04 5.638699710989472180e+01 3.578217210255216685e+01 3.511998712329718750e+06 1.182642725029836583e-02
5.914300000000000000e+04 1.197053571428571377e+04 6.257433800919546485e+01 3.602390284838809009e+01 3.511993785570532549e+06 2.038786219191024429e-02
5.914300000000000000e+04 1.198071428571428623e+04 5.707461856467359240e+01 3.838989911543615818e+01 3.511988844048694707e+06 1.151121598627469211e-02
5.914300000000000000e+04 1.199089285714285688e+04 8.303677369446162970e+01 4.591552444397959931e+01 3.511983905814843718e+06 3.268132268544832186e-03
5.914300000000000000e+04 1.200107142857142935e+04 8.321200011841298760e+01 5.032023366745594473e+01 3.511978996441422962e+06 2.127661771442035388e-02
5.914300000000000000e+04 1.201125000000000000e+04 7.206377078104604550e+01 3.777092209002388756e+01 3.511974051450286526e+06 1.131732466433277295e-03
5.914300000000000000e+04 1.202142857142857065e+04 7.951914157363259505e+01 4.528731484567588694e+01 3.511969146468874067e+06 1.856485445966882253e-02
5.914300000000000000e+04 1.203160714285714312e+04 6.374897527172314682e+01 3.834737307614989987e+01 3.511964206985692959e+06 -7.977508328167459695e-04
5.914300000000000000e+04 1.204178571428571377e+04 6.071462692103092706e+01 3.786005009336712845e+01 3.511959281996911857e+06 -7.785250973483925918e-03
5.914300000000000000e+04 1.205196428571428623e+04 6.231133944244592726e+01 3.966077483772433965e+01 3.511954353221105877e+06 -2.046441163463441626e-02
5.914300000000000000e+04 1.206214285714285688e+04 6.536156044460555847e+01 3.638673849034584151e+01 3.511949440297313966e+06 -1.893845500308088958e-02
5.914300000000000000e+04 1.207232142857142935e+04 8.137927877770833618e+01 4.208577217557696315e+01 3.511944524779647123e+06 -2.134936015170296741e-02
5.914300000000000000e+04 1.208250000000000000e+04 8.149768369634045939e+01 4.759305013529527884e+01 3.511939615511399228e+06 -1.850066710858300212e-02
5.914300000000000000e+04 1.209267857142857065e+04 7.163083617813789772e+01 4.028469315035212617e+01 3.511934678151064552e+06 -4.432837150216073496e-02
5.914300000000000000e+04 1.210285714285714312e+04 7.885650281204445378e+01 5.392685761515454601e+01 3.511929769123188686e+06 -4.194698561525456171e-02
5.914300000000000000e+04 1.211303571428571377e+04 7.109524398436649051e+01 3.998413256278395522e+01 3.511924866899577901e+06 -3.236524215833469498e-02
5.914300000000000000e+04 1.212321428571428623e+04 4.363876743621965915e+01 2.933447819824910496e+01 3.511919971179580316e+06 -1.530272605100435612e-02
5.914300000000000000e+04 1.213339285714285688e+04 6.508486292898876968e+01 4.209894211478638937e+01 3.511915064979838673e+06 -7.097031099533523957e-03
5.914300000000000000e+04 1.214357142857142935e+04 7.226886006793196771e+01 4.392007572658156533e+01 3.511910164477154147e+06 9.142186776557537087e-03
5.914300000000000000e+04 1.215375000000000000e+04 7.477469741209633014e+01 4.213419335393922438e+01 3.511905273900272790e+06 3.842808688500554126e-02
5.914300000000000000e+04 1.216392857142857065e+04 6.679146721340005399e+01 3.829055153434379122e+01 3.511900394781671464e+06 8.315151622446137480e-02
5.914300000000000000e+04 1.217410714285714312e+04 5.721957760007978777e+01 3.232427177257630291e+01 3.511895467139090411e+06 8.426562840827500622e-02
5.914300000000000000e+04 1.218428571428571377e+04 8.122585923614136050e+01 4.426173765008870475e+01 3.511890463889495004e+06 1.570293492113705724e-02
5.914300000000000000e+04 1.219446428571428623e+04 8.975010901859165813e+01 4.335467785888887704e+01 3.511885498223719187e+06 -8.246965644502779469e-03
5.914300000000000000e+04 1.220464285714285688e+04 5.891953578484110920e+01 3.290000963970133085e+01 3.511880537873073947e+06 -1.866768992317702214e-02
5.914300000000000000e+04 1.221482142857142935e+04 5.483744313276171312e+01 3.911608725184755286e+01 3.511875547890768852e+06 -4.923156375411963381e-02
5.914300000000000000e+04 1.222500000000000000e+04 6.439156738020179205e+01 3.653335186698729586e+01 3.511870606312128250e+06 -2.053631316982773569e-02
