# Observation conducted on 2020.10.21 at Wb rev. 2 
# Base frequency: 8400.50 MHz dF: 0.2 Hz dT: 0.00025 s 
# Format: Modified JD   |       Time(UTC) [s]    | Signal-to-Noise ratio  |      Spectral max      |  Freq. detection [Hz]  |  Doppler noise [Hz] 
# 
5.914300000000000000e+04 1.230600000000000000e+04 6.524032566949573209e+01 4.057329436077687745e+01 3.511831224077780265e+06 -6.743841868797062489e-03
5.914300000000000000e+04 1.231616666666666606e+04 6.319090933027868573e+01 3.474005856960720706e+01 3.511826266420914792e+06 -1.002908444661443355e-03
5.914300000000000000e+04 1.232633333333333394e+04 8.724944208466710904e+01 5.114444182167607522e+01 3.511821304239175748e+06 -4.214437828522932250e-03
5.914300000000000000e+04 1.233650000000000000e+04 1.165502463559003559e+02 6.162503239419238810e+01 3.511816363532475196e+06 9.921631993734081334e-03
5.914300000000000000e+04 1.234666666666666606e+04 6.562160500739219060e+01 4.495970969972231046e+01 3.511811399023446720e+06 -3.601571154263183416e-03
5.914300000000000000e+04 1.235683333333333394e+04 8.002018173973874582e+01 4.968955322161493626e+01 3.511806451177446172e+06 -4.076587211329751881e-03
5.914300000000000000e+04 1.236700000000000000e+04 8.174197403742347490e+01 4.969570491194919271e+01 3.511801507566345390e+06 -3.716565956437989371e-03
5.914300000000000000e+04 1.237716666666666606e+04 8.440630168757942897e+01 5.060876262448547180e+01 3.511796560198037885e+06 -1.032449381852984516e-02
5.914300000000000000e+04 1.238733333333333394e+04 7.128729929380378394e+01 4.384286213386034348e+01 3.511791637577347457e+06 4.768979882214807731e-03
5.914300000000000000e+04 1.239750000000000000e+04 7.849221579840785523e+01 4.805734355651946998e+01 3.511786715119057335e+06 1.711984075905093050e-02
5.914300000000000000e+04 1.240766666666666606e+04 1.028720318219107810e+02 5.736096164747007009e+01 3.511781765066637658e+06 -9.092993984722852474e-04
5.914300000000000000e+04 1.241783333333333394e+04 9.259406879953331782e+01 5.061471005902334497e+01 3.511776828828365542e+06 -7.811815904119612242e-03
5.914300000000000000e+04 1.242800000000000000e+04 1.115269957946380117e+02 6.182030298924615153e+01 3.511771920147316530e+06 1.023418796614805615e-02
5.914300000000000000e+04 1.243816666666666606e+04 7.797865710958349439e+01 4.571454293591897766e+01 3.511766990047374275e+06 4.313153764314847649e-03
5.914300000000000000e+04 1.244833333333333394e+04 8.606001944363059408e+01 5.339477590303994248e+01 3.511762044781312346e+06 -1.927857920668429870e-02
5.914300000000000000e+04 1.245850000000000000e+04 5.676789997961977008e+01 4.086247906929240514e+01 3.511757145213333890e+06 3.510263970838423120e-04
5.914300000000000000e+04 1.246866666666666606e+04 7.037820733551764363e+01 4.074939490800354491e+01 3.511752219646003563e+06 -8.482092930876206083e-03
5.914300000000000000e+04 1.247883333333333394e+04 9.205098883681729660e+01 5.828800575143314688e+01 3.511747303409685381e+06 -1.044739614860645815e-02
5.914300000000000000e+04 1.248900000000000000e+04 1.062566962392796199e+02 6.217016195090069175e+01 3.511742407595362514e+06 5.534345394721640332e-03
5.914300000000000000e+04 1.249916666666666606e+04 6.261806360880751043e+01 3.798257095523705829e+01 3.511737511160942726e+06 1.839862068447928323e-02
5.914300000000000000e+04 1.250933333333333394e+04 8.348138046177720639e+01 5.002677688770966569e+01 3.511732586035182700e+06 4.237027542330906726e-05
5.914300000000000000e+04 1.251950000000000000e+04 8.706693600340280170e+01 5.167302811333131984e+01 3.511727670569393318e+06 -1.122304301713938912e-02
5.914300000000000000e+04 1.252966666666666606e+04 8.292926566104065955e+01 5.021730431779188564e+01 3.511722786346297245e+06 6.138290272815538628e-03
5.914300000000000000e+04 1.253983333333333394e+04 6.746848732660684789e+01 4.424084336963780117e+01 3.511717884004803840e+06 2.712866206138642156e-03
5.914300000000000000e+04 1.255000000000000000e+04 9.989600374607533695e+01 5.090316143512235669e+01 3.511712995160392951e+06 1.005941927223830135e-02
5.914300000000000000e+04 1.256016666666666606e+04 6.335072666898810922e+01 3.686443686780660300e+01 3.511708085801139474e+06 -5.893788279308864730e-03
5.914300000000000000e+04 1.257033333333333394e+04 9.104361157830122409e+01 5.384660916420569521e+01 3.511703195237695705e+06 -5.897717334391927579e-03
5.914300000000000000e+04 1.258050000000000000e+04 1.037651720602050887e+02 5.483847074220118145e+01 3.511698315665389411e+06 2.180810974437008554e-03
5.914300000000000000e+04 1.259066666666666606e+04 8.683355624960249486e+01 5.022639978097394220e+01 3.511693416298827156e+06 -1.250501180754781672e-02
5.914300000000000000e+04 1.260083333333333394e+04 7.144170343893446784e+01 4.058399350794603322e+01 3.511688574430167209e+06 2.727755385831187596e-02
5.914300000000000000e+04 1.261100000000000000e+04 7.137012063819881291e+01 4.507875094067614441e+01 3.511683669846645091e+06 1.259589741152922215e-03
5.914300000000000000e+04 1.262116666666666606e+04 8.761622961799197640e+01 5.573873426578057177e+01 3.511678790323707275e+06 -2.835080927638955473e-03
5.914300000000000000e+04 1.263133333333333394e+04 8.429982733742930634e+01 5.135080125182442856e+01 3.511673913694824092e+06 -7.218815398687183915e-03
5.914300000000000000e+04 1.264150000000000000e+04 7.768341066400397210e+01 4.468780551805401302e+01 3.511669059759202413e+06 7.868828465234400937e-03
5.914300000000000000e+04 1.265166666666666606e+04 1.025860652697773929e+02 5.520323418202713128e+01 3.511664170852983836e+06 -1.526644215687156247e-02
5.914300000000000000e+04 1.266183333333333394e+04 7.956506944899329881e+01 5.023033107079830017e+01 3.511659330746073276e+06 7.124437139850670064e-03
5.914300000000000000e+04 1.267200000000000000e+04 8.282807721102511778e+01 5.271392287120180242e+01 3.511654473108401988e+06 8.701417935412791849e-03
5.914300000000000000e+04 1.268216666666666606e+04 7.342237527813988152e+01 5.162756553367417922e+01 3.511649596096754074e+06 -1.237656621833593817e-02
5.914300000000000000e+04 1.269233333333333394e+04 1.002061484509011677e+02 5.190570468702471629e+01 3.511644759161506314e+06 3.356404015903535765e-03
5.914300000000000000e+04 1.270250000000000000e+04 4.893979228734868769e+01 3.057436490907057447e+01 3.511639914047329687e+06 7.675201281017507426e-03
5.914300000000000000e+04 1.271266666666666606e+04 8.706948867387396263e+01 4.732680416461335682e+01 3.511635068424973637e+06 8.296703871792487917e-03
5.914300000000000000e+04 1.272283333333333394e+04 6.877959055228799912e+01 4.686372868695276850e+01 3.511630222528500948e+06 5.518296151080903655e-03
5.914300000000000000e+04 1.273300000000000000e+04 7.106788448384597245e+01 4.305160377188724397e+01 3.511625380875539500e+06 3.939385551234408922e-03
5.914300000000000000e+04 1.274316666666666606e+04 8.043324348162053639e+01 4.734105100030220115e+01 3.511620531603170093e+06 -8.201443368648142496e-03
5.914300000000000000e+04 1.275333333333333394e+04 7.804075227980580109e+01 4.716674853319346283e+01 3.511615708308672532e+06 2.815584524114456144e-03
5.914300000000000000e+04 1.276350000000000000e+04 7.990269904918602606e+01 4.928879152982402445e+01 3.511610877732750960e+06 3.875926906630411395e-03
5.914300000000000000e+04 1.277366666666666606e+04 5.353601036161786197e+01 3.602945885713785401e+01 3.511606038846643176e+06 -5.880904082118831866e-03
5.914300000000000000e+04 1.278383333333333394e+04 6.575695693750687099e+01 3.739438494437020921e+01 3.511601221281817183e+06 3.369626410858472809e-03
5.914300000000000000e+04 1.279400000000000000e+04 8.221297198563360098e+01 4.899792152462254080e+01 3.511596381550790276e+06 -1.164084361062123207e-02
5.914300000000000000e+04 1.280416666666666606e+04 7.412809960166751466e+01 4.372037047651568287e+01 3.511591570642977953e+06 3.235449848943972029e-04
5.914300000000000000e+04 1.281433333333333394e+04 6.298359487397666356e+01 3.618450053461445748e+01 3.511586754985509440e+06 5.964952076965346350e-03
5.914300000000000000e+04 1.282450000000000000e+04 7.399354897799932473e+01 3.940393605577617819e+01 3.511581918334327172e+06 -1.065579272574268543e-02
5.914300000000000000e+04 1.283466666666666606e+04 7.247904459247935449e+01 4.407222468583717756e+01 3.511577102446716744e+06 -7.445397931746811082e-03
5.914300000000000000e+04 1.284483333333333394e+04 7.802625264299095420e+01 4.327008993706515128e+01 3.511572291591577698e+06 2.334297547577079968e-04
5.914300000000000000e+04 1.285500000000000000e+04 5.545279413090521103e+01 3.260532372871169571e+01 3.511567454728595447e+06 -1.825757886069823144e-02
5.914300000000000000e+04 1.286516666666666606e+04 7.299929693928066854e+01 4.119470096087990640e+01 3.511562665308096446e+06 1.096886902155347343e-02
5.914300000000000000e+04 1.287533333333333394e+04 6.714759426436800993e+01 3.888696560261801238e+01 3.511557846132535953e+06 1.118837925332627492e-02
5.914300000000000000e+04 1.288550000000000000e+04 6.749479213654242926e+01 4.561801844015803908e+01 3.511553025998421945e+06 1.170806315349182114e-02
5.914300000000000000e+04 1.289566666666666606e+04 5.243944001677577660e+01 3.532804266831027462e+01 3.511548195658219513e+06 3.829706203873683990e-03
5.914300000000000000e+04 1.290583333333333394e+04 7.531552545554856692e+01 4.770027748663249412e+01 3.511543381894515827e+06 1.492519919770529668e-02
5.914300000000000000e+04 1.291600000000000000e+04 6.406540446215669249e+01 4.319141191389627465e+01 3.511538509136119857e+06 -2.994609308450435492e-02
