# Observation conducted on 2020.10.21 at Ef rev. 2 
# Base frequency: 8400.50 MHz dF: 0.2 Hz dT: 0.00025 s 
# Format: Modified JD   |       Time(UTC) [s]    | Signal-to-Noise ratio  |      Spectral max      |  Freq. detection [Hz]  |  Doppler noise [Hz] 
# 
5.914300000000000000e+04 1.230500000000000000e+04 7.310798670332071197e+03 2.562802943308381600e+03 3.511418294222177938e+06 -1.637028662912598520e-03
5.914300000000000000e+04 1.231516949152542293e+04 7.125522312031313049e+03 2.643394285398193006e+03 3.511413256129471585e+06 1.602409161705509177e-03
5.914300000000000000e+04 1.232533898305084767e+04 8.257606778065650360e+03 2.801466546773174286e+03 3.511408215686438140e+06 -2.858063645589936641e-04
5.914300000000000000e+04 1.233550847457627060e+04 8.801157136937887117e+03 2.889396832619664110e+03 3.511403182075583842e+06 1.904900832641942543e-03
5.914300000000000000e+04 1.234567796610169535e+04 8.245391371318644815e+03 2.820925870287112957e+03 3.511398145539514255e+06 -1.569398961578372109e-03
5.914300000000000000e+04 1.235584745762711827e+04 7.727111562646299717e+03 2.754697966059240571e+03 3.511393115737209097e+06 -1.046092548904198338e-03
5.914300000000000000e+04 1.236601694915254302e+04 6.652379995711885385e+03 2.651074744621848822e+03 3.511388089685915504e+06 4.866398977583230590e-04
5.914300000000000000e+04 1.237618644067796595e+04 7.809250873575267178e+03 2.617231303701727484e+03 3.511383065957704559e+06 1.587158383358655556e-03
5.914300000000000000e+04 1.238635593220339069e+04 7.578667002629436865e+03 2.626764221661067040e+03 3.511378041542744264e+06 -7.755920591989706736e-04
5.914300000000000000e+04 1.239652542372881362e+04 7.816121976028131940e+03 2.833583314301828523e+03 3.511373023670439608e+06 5.998337437631562352e-04
5.914300000000000000e+04 1.240669491525423655e+04 8.678668994070563713e+03 2.845899991770182169e+03 3.511368006473967806e+06 -1.873133786602920736e-04
5.914300000000000000e+04 1.241686440677966129e+04 8.448453989896912390e+03 2.780322100630955902e+03 3.511362994613805786e+06 1.484329517097648932e-03
5.914300000000000000e+04 1.242703389830508422e+04 8.114011934978580030e+03 2.676663196160157440e+03 3.511357979892950505e+06 -2.625773572390244226e-03
5.914300000000000000e+04 1.243720338983050897e+04 8.409400179061165545e+03 2.698138678914560387e+03 3.511352971969645470e+06 -2.906553420984892000e-03
5.914300000000000000e+04 1.244737288135593190e+04 8.225890533806245003e+03 2.713143678938745779e+03 3.511347974123389926e+06 3.871444524179423752e-03
5.914300000000000000e+04 1.245754237288135664e+04 7.812506124934081527e+03 2.759715097312473517e+03 3.511342967815583572e+06 -8.825207553400105098e-04
5.914300000000000000e+04 1.246771186440677957e+04 8.720737088954394494e+03 2.906287700505738485e+03 3.511337969704817049e+06 -5.633211146687244764e-04
5.914300000000000000e+04 1.247788135593220250e+04 6.677594773226983307e+03 2.470061792447332209e+03 3.511332975713458844e+06 6.974009361329081003e-04
5.914300000000000000e+04 1.248805084745762724e+04 7.837555482357659457e+03 2.720247029450863920e+03 3.511327981587421615e+06 -1.408226721764549438e-03
5.914300000000000000e+04 1.249822033898305017e+04 7.368609363774160556e+03 2.552069108362954012e+03 3.511322996475576423e+06 2.215879123468766920e-03
5.914300000000000000e+04 1.250838983050847492e+04 7.165017005383255309e+03 2.715459792018866665e+03 3.511318006068351679e+06 -2.790867120438633719e-03
5.914300000000000000e+04 1.251855932203389784e+04 7.879551858630539755e+03 2.666139455133266438e+03 3.511313026325954124e+06 -5.167266465377906570e-04
5.914300000000000000e+04 1.252872881355932259e+04 7.920455242947941770e+03 2.792973405252157136e+03 3.511308052937312983e+06 4.682081813029981276e-03
5.914300000000000000e+04 1.253889830508474552e+04 6.768785846252253577e+03 2.391473220017374388e+03 3.511303073013080750e+06 -1.248438351240110933e-04
5.914300000000000000e+04 1.254906779661017026e+04 7.872284120053161132e+03 2.512512101638236800e+03 3.511298100385860074e+06 -1.141089021075458732e-03
5.914300000000000000e+04 1.255923728813559319e+04 7.963969790086567627e+03 2.490087246816103743e+03 3.511293134625400882e+06 1.172550016349305224e-03
5.914300000000000000e+04 1.256940677966101612e+04 6.996541389054915271e+03 2.689043361357978938e+03 3.511288169721655082e+06 7.818941527375500300e-04
5.914300000000000000e+04 1.257957627118644086e+04 8.645105304835808056e+03 2.662411995628255227e+03 3.511283207830215804e+06 -1.744086832786706509e-04
5.914300000000000000e+04 1.258974576271186379e+04 7.860295283311954336e+03 2.561750603883663189e+03 3.511278248048023786e+06 -2.608398947131718160e-03
5.914300000000000000e+04 1.259991525423728854e+04 7.364928227164138661e+03 2.664949510944812573e+03 3.511273293083285913e+06 -3.812116000631249335e-03
5.914300000000000000e+04 1.261008474576271146e+04 7.563583620607551893e+03 2.704467180524817650e+03 3.511268347602040041e+06 8.897407024051062763e-04
5.914300000000000000e+04 1.262025423728813621e+04 6.953853443964190774e+03 2.663746221939648422e+03 3.511263401015212759e+06 9.276438752294779988e-04
5.914300000000000000e+04 1.263042372881355914e+04 7.859871844983113988e+03 2.678686315366278905e+03 3.511258457143361680e+06 1.527531610463483958e-04
5.914300000000000000e+04 1.264059322033898388e+04 6.954809261238335239e+03 2.776187583354480466e+03 3.511253517442773096e+06 6.378770501669350779e-05
5.914300000000000000e+04 1.265076271186440681e+04 8.828352982190624971e+03 2.868252344133449697e+03 3.511248582199515775e+06 1.001852055765084515e-03
5.914300000000000000e+04 1.266093220338982974e+04 8.927636111556641481e+03 2.901612538785802826e+03 3.511243651383477729e+06 3.005248782301350730e-03
5.914300000000000000e+04 1.267110169491525448e+04 6.683834339781196832e+03 2.607862407029294900e+03 3.511238721248321235e+06 2.410205301089263230e-03
5.914300000000000000e+04 1.268127118644067741e+04 6.794658976862798227e+03 2.679687141282817265e+03 3.511233789489919785e+06 -2.989914784052416508e-03
5.914300000000000000e+04 1.269144067796610216e+04 7.617794451463137193e+03 2.637917631077752503e+03 3.511228867957311682e+06 -1.232884559840385919e-03
5.914300000000000000e+04 1.270161016949152508e+04 7.997090652840124676e+03 2.571717035200255395e+03 3.511223947631370742e+06 -1.208170038808020763e-03
5.914300000000000000e+04 1.271177966101694983e+04 7.040791754371621209e+03 2.692760036448621577e+03 3.511219032672173809e+06 1.391213772080845956e-03
5.914300000000000000e+04 1.272194915254237276e+04 7.505389404219054995e+03 2.632406024152894133e+03 3.511214114346510265e+06 -2.003018717800841841e-03
5.914300000000000000e+04 1.273211864406779569e+04 8.006225334254694644e+03 2.588262456034941351e+03 3.511209201678792480e+06 -2.182735518772460637e-03
5.914300000000000000e+04 1.274228813559322043e+04 6.420471297401905758e+03 2.387886392759045066e+03 3.511204291662824806e+06 -1.950845621422558906e-03
5.914300000000000000e+04 1.275245762711864336e+04 8.145001802191901334e+03 2.645159835301240491e+03 3.511199387180936057e+06 1.798606860575091559e-03
5.914300000000000000e+04 1.276262711864406810e+04 8.011946092342689553e+03 2.547294132129304671e+03 3.511194480919776484e+06 1.997013231743949291e-03
5.914300000000000000e+04 1.277279661016949103e+04 6.970449685387240606e+03 2.441072163038751569e+03 3.511189572173230350e+06 -1.795113756202226796e-03
5.914300000000000000e+04 1.278296610169491578e+04 7.017327145601230768e+03 2.549568614594907558e+03 3.511184670843799133e+06 6.140185000731435139e-04
5.914300000000000000e+04 1.279313559322033871e+04 7.395377429492146803e+03 2.520730011273792570e+03 3.511179768424095120e+06 1.029747447773843305e-03
5.914300000000000000e+04 1.280330508474576345e+04 5.985363261910883011e+03 2.453718586699886146e+03 3.511174864093613811e+06 -1.031496168252488133e-03
5.914300000000000000e+04 1.281347457627118638e+04 7.017354029284124408e+03 2.587427569812810816e+03 3.511169964807812590e+06 1.747662062939525640e-03
5.914300000000000000e+04 1.282364406779660931e+04 6.760323775760482022e+03 2.533510354418394400e+03 3.511165060253595002e+06 -5.582015810432494618e-04
5.914300000000000000e+04 1.283381355932203405e+04 7.113621415525518387e+03 2.569160821270374981e+03 3.511160159834515769e+06 1.868672327873355243e-03
5.914300000000000000e+04 1.284398305084745698e+04 6.248525355995241625e+03 2.417229770685614312e+03 3.511155252661182545e+06 -1.419603356453080778e-03
5.914300000000000000e+04 1.285415254237288173e+04 7.960237883806401442e+03 2.576877583242327091e+03 3.511150347364060581e+06 -1.322978827943188662e-03
5.914300000000000000e+04 1.286432203389830465e+04 6.615385937622329038e+03 2.528851666110357201e+03 3.511145439919884782e+06 -1.366283641914378677e-03
5.914300000000000000e+04 1.287449152542372940e+04 6.706272689834940138e+03 2.459182733960121368e+03 3.511140532788397279e+06 1.438283279185270658e-03
5.914300000000000000e+04 1.288466101694915233e+04 6.315307966733901594e+03 2.419559623249826927e+03 3.511135618776869494e+06 4.564509162037211354e-04
5.914300000000000000e+04 1.289483050847457707e+04 6.649467323742194822e+03 2.324264639696984887e+03 3.511130701016407926e+06 -5.910448776376142632e-04
5.914300000000000000e+04 1.290500000000000000e+04 5.817352347576987086e+03 2.298405718570012141e+03 3.511125781020969152e+06 4.313278971039835596e-04
