# Observation conducted on 2020.10.21 at Wb rev. 2 
# Base frequency: 8400.50 MHz dF: 0.2 Hz dT: 0.00025 s 
# Format: Modified JD   |       Time(UTC) [s]    | Signal-to-Noise ratio  |      Spectral max      |  Freq. detection [Hz]  |  Doppler noise [Hz] 
# 
5.914300000000000000e+04 1.291600000000000000e+04 5.454777094692282446e+01 3.191379955750282704e+01 3.511538534015634563e+06 -4.022483206296897151e+00
5.914300000000000000e+04 1.292620000000000073e+04 6.361870964047223254e+01 3.900973420085773569e+01 3.511533623036817182e+06 -1.160787500514743442e+00
5.914300000000000000e+04 1.293639999999999964e+04 8.108492312933263690e+01 5.233606633515164930e+01 3.511528694320341572e+06 6.769961279236440532e-01
5.914300000000000000e+04 1.294660000000000036e+04 4.559591317064521121e+01 2.851553433059860510e+01 3.511523782323909458e+06 1.730628405900688449e+00
5.914300000000000000e+04 1.295679999999999927e+04 6.388878143640970109e+01 3.794075328419546622e+01 3.511518864186567720e+06 2.158595674140542542e+00
5.914300000000000000e+04 1.296700000000000000e+04 6.601013801542350734e+01 4.067935335843159095e+01 3.511513941573990509e+06 2.121215834519034615e+00
5.914300000000000000e+04 1.297720000000000073e+04 7.241301710188608354e+01 3.973445944096022941e+01 3.511509061164099257e+06 1.802384638861326493e+00
5.914300000000000000e+04 1.298739999999999964e+04 6.485620571304735904e+01 4.097008696545874074e+01 3.511504124047459103e+06 1.220236748347474531e+00
5.914300000000000000e+04 1.299760000000000036e+04 5.557589585426698875e+01 3.313067674727595602e+01 3.511499227427402046e+06 5.701065227855224293e-01
5.914300000000000000e+04 1.300779999999999927e+04 6.565683253693487131e+01 3.838712471678954330e+01 3.511494323773774784e+06 -1.150575658245998056e-01
5.914300000000000000e+04 1.301800000000000000e+04 6.413853228587990429e+01 4.210754198508109170e+01 3.511489422060076613e+06 -7.621951285649402053e-01
5.914300000000000000e+04 1.302820000000000073e+04 5.808241577913191378e+01 3.192843408801163463e+01 3.511484498129991349e+06 -1.346506664695652944e+00
5.914300000000000000e+04 1.303839999999999964e+04 6.751941187823331347e+01 3.645479202934753005e+01 3.511479615607028827e+06 -1.769283251947854296e+00
5.914300000000000000e+04 1.304860000000000036e+04 5.222358699168064788e+01 3.349528111809559761e+01 3.511474714629279915e+06 -2.067911127544107330e+00
5.914300000000000000e+04 1.305879999999999927e+04 6.300012614862448146e+01 3.852276482539247837e+01 3.511469818465722259e+06 -2.207994716066764340e+00
5.914300000000000000e+04 1.306900000000000000e+04 6.914050077062044863e+01 3.755461200684555934e+01 3.511464916082990821e+06 -2.199529193599687460e+00
5.914300000000000000e+04 1.307920000000000073e+04 3.477150163634295410e+01 2.137931004417892922e+01 3.511460013067835942e+06 -2.044717363200447835e+00
5.914300000000000000e+04 1.308939999999999964e+04 5.481734421314412486e+01 3.153584667402877173e+01 3.511455151439050213e+06 -1.716897064603017498e+00
5.914300000000000000e+04 1.309960000000000036e+04 6.246894584685102814e+01 4.101443684174356008e+01 3.511450235183027107e+06 -1.333744947476134257e+00
5.914300000000000000e+04 1.310979999999999927e+04 6.646322754682451261e+01 3.889198140032877404e+01 3.511445392272158060e+06 -7.939974096249216018e-01
5.914300000000000000e+04 1.312000000000000000e+04 4.544733088806071919e+01 2.856656659238768015e+01 3.511440510990474839e+06 -2.398642898873504237e-01
5.914300000000000000e+04 1.313020000000000073e+04 5.604225152950067468e+01 3.369457527027065424e+01 3.511435657116521150e+06 3.614146701398794903e-01
5.914300000000000000e+04 1.314039999999999964e+04 6.799764174932330718e+01 3.780233605259733309e+01 3.511430807065753266e+06 9.519728918789951422e-01
5.914300000000000000e+04 1.315060000000000036e+04 4.661471499238191996e+01 2.880277354988757921e+01 3.511425970677088480e+06 1.507364173644873517e+00
5.914300000000000000e+04 1.316079999999999927e+04 6.336728363437373446e+01 4.060231673597085944e+01 3.511421123160755727e+06 1.969771208611291513e+00
5.914300000000000000e+04 1.317100000000000000e+04 6.235709753832916391e+01 3.520729778486309414e+01 3.511416266771963332e+06 2.310939914750861135e+00
5.914300000000000000e+04 1.318120000000000073e+04 5.826068208563556539e+01 3.347383990512573604e+01 3.511411456087019760e+06 2.558716224029240038e+00
5.914300000000000000e+04 1.319139999999999964e+04 6.273072807777172244e+01 4.276144755865286839e+01 3.511406636525731068e+06 2.636829145538513330e+00
5.914300000000000000e+04 1.320160000000000036e+04 5.189452916814503425e+01 3.027859430549377251e+01 3.511401801285866648e+06 2.523085895008193802e+00
5.914300000000000000e+04 1.321179999999999927e+04 7.202826933901697259e+01 3.900311429393958207e+01 3.511396964867652394e+06 2.224157053908697890e+00
5.914300000000000000e+04 1.322200000000000000e+04 7.418618391460819339e+01 3.968399341595942076e+01 3.511392146873549093e+06 1.760637016177838632e+00
5.914300000000000000e+04 1.323220000000000073e+04 7.632750600002215435e+01 4.410188214603137880e+01 3.511387309549907688e+06 1.105846304969190896e+00
5.914300000000000000e+04 1.324239999999999964e+04 6.587361047200903386e+01 3.844416024896873552e+01 3.511382452601574361e+06 2.819068464391421003e-01
5.914300000000000000e+04 1.325260000000000036e+04 7.854986661728371189e+01 4.609068785564281967e+01 3.511377602908843663e+06 -6.492804135252754349e-01
5.914300000000000000e+04 1.326279999999999927e+04 9.454638454475039566e+01 5.091150552154893916e+01 3.511372685146747157e+06 -1.714155552471197552e+00
5.914300000000000000e+04 1.327300000000000000e+04 7.302953370043297809e+01 4.305876135411439520e+01 3.511367782771033701e+06 -2.765253029002678886e+00
5.914300000000000000e+04 1.328320000000000073e+04 6.278322779750877913e+01 4.188207528247804134e+01 3.511362850336683448e+06 -3.767622499905542099e+00
5.914300000000000000e+04 1.329339999999999964e+04 5.014772424818026764e+01 2.909137978764056243e+01 3.511357870578167029e+06 -4.640487897242564941e+00
5.914300000000000000e+04 1.330360000000000036e+04 4.528646704932968703e+01 2.715343736347520220e+01 3.511352887854667846e+06 -5.222541540281326888e+00
5.914300000000000000e+04 1.331379999999999927e+04 2.339792892654724810e+01 1.372186617480718063e+01 3.511347521249989979e+06 -5.757583560460375338e+00
5.914300000000000000e+04 1.332400000000000000e+04 1.786795167195803913e+01 1.152257448657498706e+01 3.511342442938748747e+06 -5.414895047576351317e+00
5.914300000000000000e+04 1.333420000000000073e+04 2.089093894580055633e+01 1.293630635655148708e+01 3.511336838896638714e+06 -4.827267114285405114e+00
5.914300000000000000e+04 1.334439999999999964e+04 2.962806107652010823e+01 1.733352587748040108e+01 3.511331777361682151e+06 -2.721278982954572712e+00
5.914300000000000000e+04 1.335460000000000036e+04 9.870519668912150379e+00 7.759512177062094729e+00 3.511327376404053532e+06 1.251532504157808035e+00
5.914300000000000000e+04 1.336479999999999927e+04 9.807003512240790144e+00 7.591747455878698148e+00 3.511321033282557968e+06 4.745290030906403445e+00
5.914300000000000000e+04 1.337500000000000000e+04 8.113828109551626255e+00 5.936136898198604683e+00 3.511977376331567764e+06 6.726729234073545740e+02
5.914300000000000000e+04 1.338520000000000073e+04 1.487315764698183607e+01 8.720654679449223678e+00 3.511309169092339929e+06 1.811156155173216575e+01
5.914300000000000000e+04 1.339539999999999964e+04 1.045414989509843551e+01 6.872782622669557639e+00 3.511303413857688196e+06 2.840733783355449305e+01
5.914300000000000000e+04 1.340560000000000036e+04 6.694970192953028310e+00 5.481607381068013929e+00 3.511244784580888692e+06 -1.139044036214124844e+01
5.914300000000000000e+04 1.341579999999999927e+04 6.971777039360871342e+00 4.991121881937625737e+00 3.511059484389441088e+06 -1.746705172021405588e+02
5.914300000000000000e+04 1.342600000000000000e+04 7.151942131674310588e+00 5.376132161088955641e+00 3.511002622156371828e+06 -2.058818564410930776e+02
