# Observation conducted on 2020.10.21 at Ef rev. 2 
# Base frequency: 8400.50 MHz dF: 0.2 Hz dT: 0.00025 s 
# Format: Modified JD   |       Time(UTC) [s]    | Signal-to-Noise ratio  |      Spectral max      |  Freq. detection [Hz]  |  Doppler noise [Hz] 
# 
5.914300000000000000e+04 1.290500000000000000e+04 6.522495364248906299e+03 2.413464916410758178e+03 3.511126046446019318e+06 -4.138188040769819054e-04
5.914300000000000000e+04 1.291519230769230853e+04 7.017113080158605953e+03 2.556356183746519491e+03 3.511121048219326884e+06 1.102306650182072190e-03
5.914300000000000000e+04 1.292538461538461524e+04 7.879550398449917338e+03 2.657140883803473116e+03 3.511116053551567253e+06 4.621017689032669296e-04
5.914300000000000000e+04 1.293557692307692378e+04 7.195578074113852381e+03 2.554435432510514602e+03 3.511111066154096741e+06 1.994953277630884259e-03
5.914300000000000000e+04 1.294576923076923049e+04 6.770899858759569724e+03 2.651828283773171734e+03 3.511106078438415192e+06 -1.345314587524626404e-03
5.914300000000000000e+04 1.295596153846153902e+04 7.194603330790878317e+03 2.511411014897720179e+03 3.511101096228594892e+06 -3.264257904675105237e-03
5.914300000000000000e+04 1.296615384615384573e+04 8.136040614075187477e+03 2.618759360716751871e+03 3.511096121378489304e+06 -1.505847288285622199e-03
5.914300000000000000e+04 1.297634615384615427e+04 6.188041116489847809e+03 2.331243980937327706e+03 3.511091147835471667e+06 -1.784977357829120592e-03
5.914300000000000000e+04 1.298653846153846098e+04 6.616920859761152315e+03 2.421733568208318957e+03 3.511086179771167226e+06 3.470219708106014878e-04
5.914300000000000000e+04 1.299673076923076951e+04 7.280519623194101769e+03 2.487018670863812076e+03 3.511081212525340263e+06 4.500258675079749082e-04
5.914300000000000000e+04 1.300692307692307622e+04 6.200198187879110264e+03 2.442155386378602088e+03 3.511076250015224796e+06 2.608199502901697997e-03
5.914300000000000000e+04 1.301711538461538476e+04 5.686913186559374481e+03 2.323950406685599319e+03 3.511071287828265224e+06 2.526493261598261597e-03
5.914300000000000000e+04 1.302730769230769147e+04 6.070388767581292086e+03 2.401972773787248570e+03 3.511066329744723625e+06 4.057005472873242979e-03
5.914300000000000000e+04 1.303750000000000000e+04 6.353045096757655301e+03 2.346160601043675342e+03 3.511061371198665816e+06 2.663721731551049743e-03
5.914300000000000000e+04 1.304769230769230853e+04 6.908131196886805810e+03 2.421777366991300369e+03 3.511056411474307068e+06 -2.377384892270129058e-03
5.914300000000000000e+04 1.305788461538461524e+04 6.652013534551014345e+03 2.475478610252315320e+03 3.511051462452358101e+06 7.717476327115946333e-04
5.914300000000000000e+04 1.306807692307692378e+04 6.788015991456506526e+03 2.301631330222006000e+03 3.511046511566620786e+06 -5.283805841145294835e-04
5.914300000000000000e+04 1.307826923076923049e+04 7.274296305218626003e+03 2.439365656548315201e+03 3.511041564027319197e+06 -1.167745143447973533e-03
5.914300000000000000e+04 1.308846153846153902e+04 6.306140859815739532e+03 2.447427692101055072e+03 3.511036619777289219e+06 -1.326854459193782532e-03
5.914300000000000000e+04 1.309865384615384573e+04 5.588238306767583708e+03 2.316268398364124550e+03 3.511031682425388601e+06 2.460416606368198700e-03
5.914300000000000000e+04 1.310884615384615427e+04 6.971344913823401839e+03 2.325709426119537966e+03 3.511026739350300748e+06 -2.585617320164601551e-03
5.914300000000000000e+04 1.311903846153846098e+04 6.235785666081083946e+03 2.418711672812922643e+03 3.511021804183393717e+06 -3.003836204129584075e-03
5.914300000000000000e+04 1.312923076923076951e+04 5.592723150074990372e+03 2.444068789232234849e+03 3.511016877359744627e+06 1.462461496771538805e-03
5.914300000000000000e+04 1.313942307692307622e+04 5.882358873048782698e+03 2.374010921337543550e+03 3.511011945474030916e+06 -2.774792675268145103e-03
5.914300000000000000e+04 1.314961538461538476e+04 6.958598263059149758e+03 2.496358602338944820e+03 3.511007026278708596e+06 1.853493876524225925e-03
5.914300000000000000e+04 1.315980769230769147e+04 6.108834253103882475e+03 2.295934360295557326e+03 3.511002104889616370e+06 2.829327645486046094e-04
5.914300000000000000e+04 1.317000000000000000e+04 6.582562308898743140e+03 2.358470492997090787e+03 3.510997189570463728e+06 6.038988349246210419e-04
5.914300000000000000e+04 1.318019230769230853e+04 5.911029597535835819e+03 2.289346381935547470e+03 3.510992282840499654e+06 5.172953097940080625e-03
5.914300000000000000e+04 1.319038461538461524e+04 6.005218807956678575e+03 2.429779478006334557e+03 3.510987371571266558e+06 7.133499761948769446e-04
5.914300000000000000e+04 1.320057692307692378e+04 6.447576652063318761e+03 2.466111822318885061e+03 3.510982464725913946e+06 -3.941895659295369114e-03
5.914300000000000000e+04 1.321076923076923049e+04 6.011401748416605187e+03 2.368066127784985838e+03 3.510977573654372711e+06 2.448925746534769132e-03
5.914300000000000000e+04 1.322096153846153902e+04 6.215277443135179055e+03 2.522298735937043148e+03 3.510972678059398197e+06 -4.939920270317088580e-04
5.914300000000000000e+04 1.323115384615384573e+04 5.919632229788888253e+03 2.248932069332281571e+03 3.510967787068551406e+06 -3.696228233820875175e-03
5.914300000000000000e+04 1.324134615384615427e+04 6.178346072138860109e+03 2.451845973443044386e+03 3.510962908481193241e+06 6.216084100287844194e-04
5.914300000000000000e+04 1.325153846153846098e+04 6.275743000809807199e+03 2.415467478244055201e+03 3.510958029549848288e+06 -2.709982265969301807e-04
5.914300000000000000e+04 1.326173076923076951e+04 5.493113843505689147e+03 2.340461943688267638e+03 3.510953157998662442e+06 1.407737107456341619e-03
5.914300000000000000e+04 1.327192307692307622e+04 6.339010375294629739e+03 2.412923893735425281e+03 3.510948287251286674e+06 -8.164572125224367483e-04
5.914300000000000000e+04 1.328211538461538476e+04 5.642674693526507326e+03 2.274051751397591943e+03 3.510943426472957246e+06 2.371920864902676840e-03
5.914300000000000000e+04 1.329230769230769147e+04 6.908736656350608428e+03 2.386759509267591511e+03 3.510938561566819437e+06 -2.921770866464612482e-03
5.914300000000000000e+04 1.330250000000000000e+04 6.554040463470514624e+03 2.355762325065198183e+03 3.510933711399699561e+06 2.427204208629518689e-03
5.914300000000000000e+04 1.331269230769230853e+04 5.750624435255544086e+03 2.198547540733459755e+03 3.510928859572261106e+06 2.336874971433644532e-03
5.914300000000000000e+04 1.332288461538461524e+04 6.324003889055407853e+03 2.481828356442230415e+03 3.510924009089008905e+06 1.923193318589255796e-04
5.914300000000000000e+04 1.333307692307692378e+04 6.263613423145870001e+03 2.541964612290978948e+03 3.510919164190661628e+06 6.817922482014182606e-04
5.914300000000000000e+04 1.334326923076923049e+04 5.824007636086415914e+03 2.359106020748786705e+03 3.510914318882669322e+06 -1.671003623528122262e-03
5.914300000000000000e+04 1.335346153846153902e+04 6.204497085772704850e+03 2.154916233691534217e+03 3.510909475400079973e+06 -4.038295357986498857e-03
5.914300000000000000e+04 1.336365384615384573e+04 5.181177652696542282e+03 1.888146534130702094e+03 3.510904644155571703e+06 4.663545816811165423e-03
5.914300000000000000e+04 1.337384615384615427e+04 5.239985247106063071e+03 2.036913839006044554e+03 3.510899803100571968e+06 3.138879568723496050e-03
5.914300000000000000e+04 1.338403846153846098e+04 5.504385491768263819e+03 2.320615907552599765e+03 3.510894960307526402e+06 2.988154737977311015e-04
5.914300000000000000e+04 1.339423076923076951e+04 5.740126184779265714e+03 2.491597494341013771e+03 3.510890114100358915e+06 -4.604564731835125713e-03
5.914300000000000000e+04 1.340442307692307622e+04 2.613651769152526683e+01 7.313321954407464887e+01 3.510898731353254523e+06 1.345632432160869030e+01
5.914300000000000000e+04 1.341461538461538476e+04 6.117557039302217170e+00 3.191851457510688217e+00 3.511057937266699504e+06 1.775094043595067888e+02
5.914300000000000000e+04 1.342480769230769147e+04 6.089741120860194812e+00 3.357867595822051854e+00 3.510701215444603004e+06 -1.743605413927195968e+02
5.914300000000000000e+04 1.343500000000000000e+04 7.130900910285022043e+00 3.673988947315216969e+00 3.511585791223553009e+06 7.150731473106357043e+02
