# Observation conducted on 2020.10.21 at O6 rev. 2 
# Base frequency: 8400.50 MHz dF: 0.2 Hz dT: 0.00025 s 
# Format: Modified JD   |       Time(UTC) [s]    | Signal-to-Noise ratio  |      Spectral max      |  Freq. detection [Hz]  |  Doppler noise [Hz] 
# 
5.914300000000000000e+04 1.165500000000000000e+04 2.964592877430790168e+02 1.568156474817444632e+02 3.512685787085792050e+06 -2.252787079657991853e-02
5.914300000000000000e+04 1.166517543859649049e+04 2.272299665708786733e+02 1.386733496993783490e+02 3.512681484808028210e+06 -5.082234789597350755e-04
5.914300000000000000e+04 1.167535087719298281e+04 2.253946356252777150e+02 1.390944664839561540e+02 3.512677171644853428e+06 3.844198828460321238e-03
5.914300000000000000e+04 1.168552631578947330e+04 2.813887368273358902e+02 1.567518118818045707e+02 3.512672862442414276e+06 6.315587576864345465e-03
5.914300000000000000e+04 1.169570175438596561e+04 2.988747997319143792e+02 1.893623540410138730e+02 3.512668564561416395e+06 1.510009831144998316e-02
5.914300000000000000e+04 1.170587719298245611e+04 2.666132130335973898e+02 1.390787898515807512e+02 3.512664260133105796e+06 1.306113604186975863e-02
5.914300000000000000e+04 1.171605263157894660e+04 2.446823094068884075e+02 1.470409679705000201e+02 3.512659959461000748e+06 1.113839218567136413e-02
5.914300000000000000e+04 1.172622807017543892e+04 2.729881388778904352e+02 1.511545174678765591e+02 3.512655669493165798e+06 1.682542377591289551e-02
5.914300000000000000e+04 1.173640350877192941e+04 2.138306559334171766e+02 1.399165833390691205e+02 3.512651376648385543e+06 1.700113529727786954e-02
5.914300000000000000e+04 1.174657894736842172e+04 2.932732483367104237e+02 1.547366333378331547e+02 3.512647066222316120e+06 -2.658768417063583911e-03
5.914300000000000000e+04 1.175675438596491222e+04 2.847405153011698644e+02 1.460047693544876779e+02 3.512642776549130213e+06 -3.514826951573013503e-03
5.914300000000000000e+04 1.176692982456140271e+04 2.661871346519597523e+02 1.470109022348050019e+02 3.512638478738947306e+06 -1.422109341933719406e-02
5.914300000000000000e+04 1.177710526315789502e+04 2.830926413820529319e+02 1.478034581460067045e+02 3.512634194863352925e+06 -1.253430566202951013e-02
5.914300000000000000e+04 1.178728070175438552e+04 2.592776236030516088e+02 1.675572866580091898e+02 3.512629919530323707e+06 -3.733659012254975096e-03
5.914300000000000000e+04 1.179745614035087783e+04 2.650397210724925117e+02 1.432653024352667899e+02 3.512625643461761996e+06 2.962037938914363622e-03
5.914300000000000000e+04 1.180763157894736833e+04 2.119065858215605545e+02 1.229812465331145432e+02 3.512621332511062734e+06 -2.658276924978508760e-02
5.914300000000000000e+04 1.181780701754385882e+04 2.631374192817534095e+02 1.455149610255101038e+02 3.512617065883987583e+06 -1.319419745334471372e-02
5.914300000000000000e+04 1.182798245614035113e+04 2.358946208540907037e+02 1.329831522974137670e+02 3.512612794022639748e+06 -6.499646907855094469e-03
5.914300000000000000e+04 1.183815789473684163e+04 2.471370081324475336e+02 1.327781107009192283e+02 3.512608523518217728e+06 -9.743093755787413102e-06
5.914300000000000000e+04 1.184833333333333394e+04 2.644594922219193336e+02 1.421313729673901491e+02 3.512604218805082608e+06 -2.941896224115225777e-02
5.914300000000000000e+04 1.185850877192982443e+04 2.903023784793645632e+02 1.501538733161485197e+02 3.512599972282622010e+06 -2.478461814462207258e-03
5.914300000000000000e+04 1.186868421052631493e+04 2.601454589533100261e+02 1.386729978602882341e+02 3.512595696808385663e+06 -6.497641053215374995e-03
5.914300000000000000e+04 1.187885964912280724e+04 2.428882888833357470e+02 1.403322911335301626e+02 3.512591423507787287e+06 -1.052913269495547866e-02
5.914300000000000000e+04 1.188903508771929774e+04 2.636134326360010505e+02 1.464757807434548056e+02 3.512587176149793901e+06 9.012191689748760837e-03
5.914300000000000000e+04 1.189921052631579005e+04 2.692135034832602969e+02 1.483633572390094457e+02 3.512582914917695802e+06 1.212529867018474761e-02
5.914300000000000000e+04 1.190938596491228054e+04 2.477662512454895989e+02 1.470342304968856126e+02 3.512578650524795987e+06 9.343984487827583507e-03
5.914300000000000000e+04 1.191956140350877104e+04 2.177962200564469981e+02 1.292610522988602213e+02 3.512574385644473601e+06 3.172247597376554040e-03
5.914300000000000000e+04 1.192973684210526335e+04 2.656714713446131100e+02 1.453387985660235984e+02 3.512570136759757064e+06 9.939164749653173203e-03
5.914300000000000000e+04 1.193991228070175384e+04 2.275666695846931304e+02 1.478054956553597492e+02 3.512565885597235523e+06 1.123810939918712393e-02
5.914300000000000000e+04 1.195008771929824616e+04 3.123962885279478883e+02 1.695392998610622897e+02 3.512561637736494187e+06 1.254149221631450928e-02
5.914300000000000000e+04 1.196026315789473665e+04 2.730590567134111097e+02 1.572333070494101719e+02 3.512557410255407449e+06 3.085135880826328503e-02
5.914300000000000000e+04 1.197043859649122896e+04 1.683074411748403634e+02 1.258185196989081760e+02 3.512553156567105092e+06 1.954166296775383671e-02
5.914300000000000000e+04 1.198061403508771946e+04 2.526125869802038437e+02 1.393204507802593639e+02 3.512548911670739762e+06 1.361433804777334444e-02
5.914300000000000000e+04 1.199078947368420995e+04 2.645177832600172678e+02 1.444725896435215304e+02 3.512544673491572030e+06 1.104468955668380659e-02
5.914300000000000000e+04 1.200096491228070226e+04 1.851483679867031640e+02 1.105221826092854940e+02 3.512540436475058552e+06 6.380785518445009075e-03
5.914300000000000000e+04 1.201114035087719276e+04 2.386121458450534760e+02 1.617367682595906899e+02 3.512536190221244004e+06 -1.061684268449880619e-02
5.914300000000000000e+04 1.202131578947368507e+04 2.543951589253281327e+02 1.493981401347241444e+02 3.512531981447956990e+06 6.993300206318053824e-03
5.914300000000000000e+04 1.203149122807017557e+04 2.483617452263108021e+02 1.502215472954605104e+02 3.512527755370334256e+06 4.718500572721495701e-03
5.914300000000000000e+04 1.204166666666666606e+04 2.601102338464611421e+02 1.501242727623399276e+02 3.512523517787651159e+06 -1.127602338954147854e-02
5.914300000000000000e+04 1.205184210526315837e+04 2.302713637930956168e+02 1.441894192231901570e+02 3.512519306826301850e+06 -2.418841975213581463e-03
5.914300000000000000e+04 1.206201754385964887e+04 2.412397358263401657e+02 1.421497065536176194e+02 3.512515062681366224e+06 -2.798543543383402721e-02
5.914300000000000000e+04 1.207219298245614118e+04 2.485113025953097292e+02 1.271263372248514258e+02 3.512510838120872155e+06 -3.458863070886764035e-02
5.914300000000000000e+04 1.208236842105263167e+04 2.103290877006548953e+02 1.348063470966774560e+02 3.512506626020177267e+06 -2.863891261154094536e-02
5.914300000000000000e+04 1.209254385964912217e+04 2.159527135650438936e+02 1.301763980867624753e+02 3.512502399322662968e+06 -3.637842296029702993e-02
5.914300000000000000e+04 1.210271929824561448e+04 2.502878462349526956e+02 1.524765294584079527e+02 3.512498185667999554e+06 -2.924739250227048615e-02
5.914300000000000000e+04 1.211289473684210498e+04 2.159037305022036151e+02 1.284326994177287418e+02 3.512493959325556178e+06 -3.194542338860628661e-02
5.914300000000000000e+04 1.212307017543859729e+04 2.449330991121217096e+02 1.304515870741926733e+02 3.512489757978583686e+06 -5.642003399543682463e-03
5.914300000000000000e+04 1.213324561403508778e+04 2.287449719463953954e+02 1.342656943452236362e+02 3.512485525483853184e+06 -5.211557645679931738e-03
5.914300000000000000e+04 1.214342105263157828e+04 2.257116469670595791e+02 1.282486578178792627e+02 3.512481310550522525e+06 1.945071979116619332e-02
5.914300000000000000e+04 1.215359649122807059e+04 2.842791246561351954e+02 1.607743369815089807e+02 3.512477077253483236e+06 3.394751848634314229e-02
5.914300000000000000e+04 1.216377192982456108e+04 2.021957386360961664e+02 1.354258521003324063e+02 3.512472865356903523e+06 7.970826310872780596e-02
5.914300000000000000e+04 1.217394736842105340e+04 2.321425550889156568e+02 1.444097198861301194e+02 3.512468587833479047e+06 7.151366534458247770e-02
5.914300000000000000e+04 1.218412280701754389e+04 2.571548173637723949e+02 1.356302978415686198e+02 3.512464253409026191e+06 2.004562613763027912e-02
5.914300000000000000e+04 1.219429824561403439e+04 2.708874350011230945e+02 1.502757720199904270e+02 3.512459923563339282e+06 -1.110660175982047804e-02
5.914300000000000000e+04 1.220447368421052670e+04 3.109338714692981398e+02 1.494085087590640910e+02 3.512455583618589677e+06 -3.435271233104231214e-02
5.914300000000000000e+04 1.221464912280701719e+04 2.429348377364892144e+02 1.276651624889108803e+02 3.512451250838520005e+06 -2.999684260362300847e-02
5.914300000000000000e+04 1.222482456140350951e+04 1.813880685915992785e+02 1.247119236113543792e+02 3.512446895641676616e+06 -2.501903685288198176e-02
5.914300000000000000e+04 1.223500000000000000e+04 1.880100171389423735e+02 1.158440002910085269e+02 3.512442569190039299e+06 3.451868738284247229e-02
