# Observation conducted on 2020.10.21 at Ef rev. 2 
# Base frequency: 8400.50 MHz dF: 0.2 Hz dT: 0.00025 s 
# Format: Modified JD   |       Time(UTC) [s]    | Signal-to-Noise ratio  |      Spectral max      |  Freq. detection [Hz]  |  Doppler noise [Hz] 
# 
5.914300000000000000e+04 1.162500000000000000e+04 6.894212174990097992e+03 2.729480542238010457e+03 3.511755647427799180e+06 -3.462214021305953793e-02
5.914300000000000000e+04 1.163516666666666606e+04 6.789442148002362046e+03 2.488627395997202711e+03 3.511750541266006418e+06 -1.116828048327533907e-02
5.914300000000000000e+04 1.164533333333333394e+04 7.610584851876752509e+03 2.379536336873429718e+03 3.511745436848776881e+06 4.759182174325360393e-03
5.914300000000000000e+04 1.165550000000000000e+04 5.830569216766608406e+03 2.177031944513820690e+03 3.511740330577539280e+06 1.075427729608691152e-02
5.914300000000000000e+04 1.166566666666666606e+04 5.986630943175167886e+03 2.418146622659297918e+03 3.511735233672625385e+06 1.910899349172723305e-02
5.914300000000000000e+04 1.167583333333333394e+04 7.812958104817834283e+03 2.624950610316093844e+03 3.511730137606909964e+06 2.225232062187387783e-02
5.914300000000000000e+04 1.168600000000000000e+04 6.586883610195105575e+03 2.590968652204949649e+03 3.511725038318227045e+06 1.696807415339662839e-02
5.914300000000000000e+04 1.169616666666666606e+04 7.175759563078652718e+03 2.651598177921268871e+03 3.511719945029422175e+06 1.322034608290323376e-02
5.914300000000000000e+04 1.170633333333333394e+04 8.383357641999016778e+03 2.579346191692165121e+03 3.511714858312568627e+06 1.222312885715837183e-02
5.914300000000000000e+04 1.171650000000000000e+04 7.212829001854272974e+03 2.623911699418223179e+03 3.511709769104488194e+06 5.461238802126899827e-03
5.914300000000000000e+04 1.172666666666666606e+04 7.623681074158512274e+03 2.554061255318859821e+03 3.511704688432924915e+06 4.421893970857126988e-03
5.914300000000000000e+04 1.173683333333333394e+04 7.013005507515708814e+03 2.471162035456281046e+03 3.511699606502103619e+06 -3.143224276982437004e-04
5.914300000000000000e+04 1.174700000000000000e+04 7.102539089663168852e+03 2.580882492634195842e+03 3.511694528829164803e+06 -2.931625598989739956e-03
5.914300000000000000e+04 1.175716666666666606e+04 6.912066993174372328e+03 2.536248571528027242e+03 3.511689448761093430e+06 -9.856692429480062856e-03
5.914300000000000000e+04 1.176733333333333394e+04 6.523873383589128935e+03 2.581202372135564474e+03 3.511684371212649625e+06 -1.601532989104725857e-02
5.914300000000000000e+04 1.177750000000000000e+04 7.295315918915538532e+03 2.739260384622412857e+03 3.511679301568383351e+06 -1.592505658277332259e-02
5.914300000000000000e+04 1.178766666666666606e+04 7.837515772605195707e+03 2.634106930924572225e+03 3.511674233116020914e+06 -1.625630923535936745e-02
5.914300000000000000e+04 1.179783333333333394e+04 6.715836934425158688e+03 2.510678075579898632e+03 3.511669166433622595e+06 -1.643988504076787649e-02
5.914300000000000000e+04 1.180800000000000000e+04 6.498063185048412379e+03 2.381363077420447553e+03 3.511664101290218066e+06 -1.676089774946376565e-02
5.914300000000000000e+04 1.181816666666666606e+04 7.871886640143192380e+03 2.443959713301579541e+03 3.511659035517689306e+06 -1.948149486395323038e-02
5.914300000000000000e+04 1.182833333333333394e+04 7.385754383150632748e+03 2.472632026629293250e+03 3.511653977945745923e+06 -1.590047595527721569e-02
5.914300000000000000e+04 1.183850000000000000e+04 6.765537225977786875e+03 2.628971407136135895e+03 3.511648925312792417e+06 -9.437022740598877135e-03
5.914300000000000000e+04 1.184866666666666606e+04 6.921211872474696975e+03 2.638177024538032128e+03 3.511643867205564398e+06 -1.068565611774374702e-02
5.914300000000000000e+04 1.185883333333333394e+04 6.061422818379760429e+03 2.381935387691376945e+03 3.511638820200510323e+06 -3.269454840165053611e-03
5.914300000000000000e+04 1.186900000000000000e+04 7.103349011908682769e+03 2.460775062071951652e+03 3.511633769346322864e+06 -2.352116130168724339e-03
5.914300000000000000e+04 1.187916666666666606e+04 6.715802108923019659e+03 2.571480439756852320e+03 3.511628726259991992e+06 3.463499316353590984e-03
5.914300000000000000e+04 1.188933333333333394e+04 7.505887125734902838e+03 2.568299540981457540e+03 3.511623682837271597e+06 5.851237813430998358e-03
5.914300000000000000e+04 1.189950000000000000e+04 6.744633459625211799e+03 2.471844210026721157e+03 3.511618647637168877e+06 1.315154883263858210e-02
5.914300000000000000e+04 1.190966666666666606e+04 7.417821626027001912e+03 2.552071383868897556e+03 3.511613608373042196e+06 1.286798178307435592e-02
5.914300000000000000e+04 1.191983333333333394e+04 6.823855984253811584e+03 2.618577843591594046e+03 3.511608576436137781e+06 1.619613210675652226e-02
5.914300000000000000e+04 1.193000000000000000e+04 8.197893101259171090e+03 2.607681676924824387e+03 3.511603546609659214e+06 1.774311046358434396e-02
5.914300000000000000e+04 1.194016666666666606e+04 6.540188040145721061e+03 2.425079649183498987e+03 3.511598519104307052e+06 1.756849042953945172e-02
5.914300000000000000e+04 1.195033333333333394e+04 8.454254943888703565e+03 2.528853602554840108e+03 3.511593495632057544e+06 1.726348748866257665e-02
5.914300000000000000e+04 1.196050000000000000e+04 8.030405619216862760e+03 2.644414999658261422e+03 3.511588479263821617e+06 1.981402411581711931e-02
5.914300000000000000e+04 1.197066666666666606e+04 7.938401997183614185e+03 2.610963175240930013e+03 3.511583463339270093e+06 1.851595791720228590e-02
5.914300000000000000e+04 1.198083333333333394e+04 7.383405058985770665e+03 2.610904672270384253e+03 3.511578453393272124e+06 1.890692536744609242e-02
5.914300000000000000e+04 1.199100000000000000e+04 7.014546178717672774e+03 2.489129659156376874e+03 3.511573439949204214e+06 1.156505386052231188e-02
5.914300000000000000e+04 1.200116666666666606e+04 6.540646075482489323e+03 2.324729791808117625e+03 3.511568437226810027e+06 1.082222569891655439e-02
5.914300000000000000e+04 1.201133333333333394e+04 6.285334025951823605e+03 2.235022430990149132e+03 3.511563429156571161e+06 7.838533416588688851e-04
5.914300000000000000e+04 1.202150000000000000e+04 6.241652808197515697e+03 2.493023886265557394e+03 3.511558429506610613e+06 -4.538814613965769240e-03
5.914300000000000000e+04 1.203166666666666606e+04 7.567246404213846290e+03 2.754955545664092369e+03 3.511553435318212956e+06 -7.787766134583762323e-03
5.914300000000000000e+04 1.204183333333333394e+04 6.638573154772298039e+03 2.601370242351086745e+03 3.511548438598491251e+06 -1.656015971263968822e-02
5.914300000000000000e+04 1.205200000000000000e+04 6.653397978258556577e+03 2.514831587352673523e+03 3.511543448117690627e+06 -2.160561124753712647e-02
5.914300000000000000e+04 1.206216666666666606e+04 7.017545131714288800e+03 2.626803624055756700e+03 3.511538460741054732e+06 -2.548892787490331102e-02
5.914300000000000000e+04 1.207233333333333394e+04 6.399024584017977759e+03 2.572431693268630170e+03 3.511533470439367928e+06 -3.357415872358160414e-02
5.914300000000000000e+04 1.208250000000000000e+04 7.753573193490445192e+03 2.564241681157757284e+03 3.511528488876799121e+06 -3.343135058912594104e-02
5.914300000000000000e+04 1.209266666666666606e+04 6.906170227234563754e+03 2.814079220652199183e+03 3.511523506275576074e+06 -3.396646558383054071e-02
5.914300000000000000e+04 1.210283333333333394e+04 7.063449705956579237e+03 2.599942838761558960e+03 3.511518522692853119e+06 -3.413911170957817376e-02
5.914300000000000000e+04 1.211300000000000000e+04 8.425713572502812895e+03 2.611009284644052059e+03 3.511513539715144318e+06 -3.126270627808480640e-02
5.914300000000000000e+04 1.212316666666666606e+04 6.939549752383920350e+03 2.520429589693377238e+03 3.511508561220420524e+06 -2.023697226616150147e-02
5.914300000000000000e+04 1.213333333333333394e+04 7.298389342264162224e+03 2.426384146429127668e+03 3.511503584230064414e+06 -2.690583451112615876e-03
5.914300000000000000e+04 1.214350000000000000e+04 8.299376768510615875e+03 2.562595754827023029e+03 3.511498606460257899e+06 2.057563173343623930e-02
5.914300000000000000e+04 1.215366666666666606e+04 7.178719287744753274e+03 2.611125272979634701e+03 3.511493626893620472e+06 5.016573007833358133e-02
5.914300000000000000e+04 1.216383333333333394e+04 6.479832622257570620e+03 2.471540594017909370e+03 3.511488650903514586e+06 9.321836252217963192e-02
5.914300000000000000e+04 1.217400000000000000e+04 5.992268907771916020e+03 2.667589166175082482e+03 3.511483612354360987e+06 8.551249527442905674e-02
5.914300000000000000e+04 1.218416666666666606e+04 7.478850505701154361e+03 2.527725040450850429e+03 3.511478513685647398e+06 3.155681969326451508e-02
5.914300000000000000e+04 1.219433333333333394e+04 6.765155434600158515e+03 2.553476063773762689e+03 3.511473412838152144e+06 -8.478615953436019481e-03
5.914300000000000000e+04 1.220450000000000000e+04 6.128661957042754693e+03 2.424751315939167853e+03 3.511468308008979540e+06 -3.400197110215685825e-02
5.914300000000000000e+04 1.221466666666666606e+04 7.796039698032436718e+03 2.688110611185035395e+03 3.511463199374384712e+06 -4.227138206999825343e-02
5.914300000000000000e+04 1.222483333333333394e+04 6.491113621623429026e+03 2.457837511704953158e+03 3.511458086503958795e+06 -3.097537267490224622e-02
5.914300000000000000e+04 1.223500000000000000e+04 9.556964008452099733e+03 2.572811517382745933e+03 3.511452973832505289e+06 7.244424479154076835e-03
