# Observation conducted on 2020.10.21 at O6 rev. 2 
# Base frequency: 8400.50 MHz dF: 0.2 Hz dT: 0.00025 s 
# Format: Modified JD   |       Time(UTC) [s]    | Signal-to-Noise ratio  |      Spectral max      |  Freq. detection [Hz]  |  Doppler noise [Hz] 
# 
5.914300000000000000e+04 1.230500000000000000e+04 2.197583328257015296e+02 1.283454568748545057e+02 3.512413159078143537e+06 1.611948470895185892e-03
5.914300000000000000e+04 1.231516949152542293e+04 1.834798786272391169e+02 1.098703199802335604e+02 3.512408880092677195e+06 3.754219734560138022e-03
5.914300000000000000e+04 1.232533898305084767e+04 2.545715663265581838e+02 1.313578814678233186e+02 3.512404596969546285e+06 -1.830970929859176977e-04
5.914300000000000000e+04 1.233550847457627060e+04 2.349061405676192180e+02 1.292385547698393395e+02 3.512400314299974591e+06 -5.696342162536893738e-03
5.914300000000000000e+04 1.234567796610169535e+04 2.055311387282174849e+02 1.246757531759346875e+02 3.512396047370485961e+06 2.421349299879693717e-03
5.914300000000000000e+04 1.235584745762711827e+04 2.324622323805386088e+02 1.476429060814958234e+02 3.512391765897633042e+06 -6.185563959434148273e-03
5.914300000000000000e+04 1.236601694915254302e+04 2.294525826790367660e+02 1.372204474685808293e+02 3.512387505245455075e+06 3.782087629588204436e-03
5.914300000000000000e+04 1.237618644067796595e+04 2.466853276355371349e+02 1.547484487540799023e+02 3.512383232564334292e+06 -5.832948560282602557e-04
5.914300000000000000e+04 1.238635593220339069e+04 2.674670695365330744e+02 1.372991784127142409e+02 3.512378968518245965e+06 1.330830431584217877e-03
5.914300000000000000e+04 1.239652542372881362e+04 2.306203018040360462e+02 1.285654977457358257e+02 3.512374701362031512e+06 -2.265917296313091356e-03
5.914300000000000000e+04 1.240669491525423655e+04 1.926106450758165352e+02 1.207952419334423553e+02 3.512370444633219391e+06 2.124636598750839767e-03
5.914300000000000000e+04 1.241686440677966129e+04 2.437586686304400416e+02 1.382494859023199751e+02 3.512366179971877951e+06 -3.891259153760984191e-03
5.914300000000000000e+04 1.242703389830508422e+04 2.596399585714272575e+02 1.306269257315249490e+02 3.512361932346879039e+06 4.626639487696593278e-03
5.914300000000000000e+04 1.243720338983050897e+04 2.516222537312472127e+02 1.338750565057780193e+02 3.512357678736194503e+06 4.632530613434937550e-03
5.914300000000000000e+04 1.244737288135593190e+04 2.252484625274468897e+02 1.356878437715106713e+02 3.512353435498969164e+06 1.246630248613200820e-02
5.914300000000000000e+04 1.245754237288135664e+04 2.274538547440196794e+02 1.413955815356625294e+02 3.512349167010021862e+06 -7.512307038837207074e-03
5.914300000000000000e+04 1.246771186440677957e+04 2.472174901032888670e+02 1.343536788766419363e+02 3.512344924127743579e+06 -4.456149988527613459e-03
5.914300000000000000e+04 1.247788135593220250e+04 1.816223476366209297e+02 1.088094218320391633e+02 3.512340681948058773e+06 -3.277046013295148441e-03
5.914300000000000000e+04 1.248805084745762724e+04 2.658207946787694027e+02 1.380792837383398250e+02 3.512336442991382908e+06 -1.459162240053046844e-03
5.914300000000000000e+04 1.249822033898305017e+04 2.187924652026566150e+02 1.251745411338352056e+02 3.512332211749808397e+06 5.487831606274085061e-03
5.914300000000000000e+04 1.250838983050847492e+04 3.076745650673804562e+02 1.590349105916356223e+02 3.512327972857954446e+06 2.199275630914598878e-03
5.914300000000000000e+04 1.251855932203389784e+04 1.774823081294436520e+02 1.211223467574846069e+02 3.512323731379785109e+06 -6.258002315803423699e-03
5.914300000000000000e+04 1.252872881355932259e+04 2.407863148999531973e+02 1.451336814641182116e+02 3.512319504396748729e+06 -2.797882448476229911e-03
5.914300000000000000e+04 1.253889830508474552e+04 1.757184427783335821e+02 1.076375399817044070e+02 3.512315280602798797e+06 1.279723336324423144e-03
5.914300000000000000e+04 1.254906779661017026e+04 1.649339385138849252e+02 9.480115802724550633e+01 3.512311036610076204e+06 -1.740577969053447305e-02
5.914300000000000000e+04 1.255923728813559319e+04 2.720005492252025192e+02 1.453739043392929773e+02 3.512306829185764305e+06 -2.079156533341119939e-03
5.914300000000000000e+04 1.256940677966101612e+04 2.052301529501282289e+02 1.160535596898387070e+02 3.512302602106559090e+06 -8.955208785096147039e-03
5.914300000000000000e+04 1.257957627118644086e+04 2.384046042023976213e+02 1.307180815943756613e+02 3.512298391297513619e+06 -2.100270366099721286e-03
5.914300000000000000e+04 1.258974576271186379e+04 2.375412573814279256e+02 1.362441967132838272e+02 3.512294182242052630e+06 3.977467759000319347e-03
5.914300000000000000e+04 1.259991525423728854e+04 1.587903263032005441e+02 1.020809414111767808e+02 3.512289966019185726e+06 3.648351255378656788e-04
5.914300000000000000e+04 1.261008474576271146e+04 1.930208890503488703e+02 1.120110095869432172e+02 3.512285765100907534e+06 9.540738597138442856e-03
5.914300000000000000e+04 1.262025423728813621e+04 1.741192043164108725e+02 1.162240254670829529e+02 3.512281549576749559e+06 1.600379730803069833e-03
5.914300000000000000e+04 1.263042372881355914e+04 2.254511066992428994e+02 1.265700697318258534e+02 3.512277357846239116e+06 1.494737062273543415e-02
5.914300000000000000e+04 1.264059322033898388e+04 1.985308993472265797e+02 1.252972698433521828e+02 3.512273142009863630e+06 1.684363519757425820e-03
5.914300000000000000e+04 1.265076271186440681e+04 2.246876362938898524e+02 1.401665224639633038e+02 3.512268942408144008e+06 2.151782951273162325e-03
5.914300000000000000e+04 1.266093220338982974e+04 2.265656711588306962e+02 1.201341947043012652e+02 3.512264747527955100e+06 4.833807900126885215e-03
5.914300000000000000e+04 1.267110169491525448e+04 1.840474532228072633e+02 1.153092803267451103e+02 3.512260551947391592e+06 4.302898371065566607e-03
5.914300000000000000e+04 1.268127118644067741e+04 2.535187703495024891e+02 1.407881258694397673e+02 3.512256353378345724e+06 -1.737964416975046333e-03
5.914300000000000000e+04 1.269144067796610216e+04 2.033589836700301703e+02 1.370346366124882991e+02 3.512252159881128464e+06 -5.240996933366659505e-03
5.914300000000000000e+04 1.270161016949152508e+04 2.163045409022424792e+02 1.258165375599916302e+02 3.512247974728473928e+06 -2.949945827595001901e-03
5.914300000000000000e+04 1.271177966101694983e+04 2.256157222421681183e+02 1.311436077736984203e+02 3.512243782257417217e+06 -1.054855306460922293e-02
5.914300000000000000e+04 1.272194915254237276e+04 2.694139750214808373e+02 1.495182401985909166e+02 3.512239605813327245e+06 -4.716856373761402210e-03
5.914300000000000000e+04 1.273211864406779569e+04 1.951461472892753477e+02 1.188745382420477625e+02 3.512235420187418815e+06 -1.069401978406858689e-02
5.914300000000000000e+04 1.274228813559322043e+04 1.661139211615584088e+02 1.032668845592214097e+02 3.512231257790032774e+06 3.894609402664173103e-03
5.914300000000000000e+04 1.275245762711864336e+04 1.635003120307106599e+02 1.003200962842107913e+02 3.512227076741665136e+06 -2.871812163562026399e-03
5.914300000000000000e+04 1.276262711864406810e+04 1.680507880127933902e+02 1.066878916188430537e+02 3.512222912961915601e+06 4.878992297449258331e-03
5.914300000000000000e+04 1.277279661016949103e+04 1.838505354474756359e+02 1.127716274449242064e+02 3.512218740151901264e+06 7.944870143319349154e-04
5.914300000000000000e+04 1.278296610169491578e+04 2.054872561922353782e+02 1.180644682986935550e+02 3.512214582777857780e+06 9.280591565470786009e-03
5.914300000000000000e+04 1.279313559322033871e+04 1.877838373127264333e+02 1.095011949889560725e+02 3.512210423984935507e+06 1.341513577642672317e-02
5.914300000000000000e+04 1.280330508474576345e+04 1.950345840722378910e+02 1.136748171091359865e+02 3.512206254532461986e+06 3.882783674271195196e-03
5.914300000000000000e+04 1.281347457627118638e+04 2.057588928975511067e+02 1.084349498210151523e+02 3.512202091186518781e+06 -2.632727556260761048e-03
5.914300000000000000e+04 1.282364406779660931e+04 1.929099708310434096e+02 9.910698310036063674e+01 3.512197934670405462e+06 -5.498464478478126694e-03
5.914300000000000000e+04 1.283381355932203405e+04 1.555806786831338684e+02 9.815507881872680684e+01 3.512193796119544655e+06 6.322271247086064250e-03
5.914300000000000000e+04 1.284398305084745698e+04 1.974066316051024330e+02 1.114676565103109311e+02 3.512189634939115494e+06 -7.872764011381150340e-03
5.914300000000000000e+04 1.285415254237288173e+04 1.808675430041995185e+02 1.011397247918018394e+02 3.512185506696435157e+06 7.367287718238912930e-03
5.914300000000000000e+04 1.286432203389830465e+04 1.679680574099713226e+02 1.124291641662312315e+02 3.512181351414711680e+06 -8.060200901695679931e-03
5.914300000000000000e+04 1.287449152542372940e+04 2.187275453599296213e+02 1.132705744547320705e+02 3.512177219750147779e+06 -3.634576605577422015e-03
5.914300000000000000e+04 1.288466101694915233e+04 1.475944471214680220e+02 8.911359688154911396e+01 3.512173096720175352e+06 5.515989383525266021e-03
5.914300000000000000e+04 1.289483050847457707e+04 1.800745925268665530e+02 1.081529643051570844e+02 3.512168963605323341e+06 5.160307447340528597e-04
5.914300000000000000e+04 1.290500000000000000e+04 1.504275564555890412e+02 9.666241463865749495e+01 3.512164841299606487e+06 2.092837091026922280e-03
